For Example 0, The full renyi 0.5 token for desp method is: [1.4656, 2.9653, 2.2624, 4.7147, 0.7145, 3.6525, 3.0254, 0.6171, 0.6840, 0.6266, 3.8056, 3.3293, 2.4990, 4.3416, 2.1130, 3.3867, 3.7081, 2.9239, 2.3910, 5.1345, 0.6736, 4.2525, 3.6421, 5.3789, 3.5178, 4.5454, 3.2601, 3.9769, 0.5799, 0.5592, 4.5625]
For Example 1, The full renyi 0.5 token for desp method is: [1.3722, 2.7572, 0.9134, 3.3002, 2.6166, 3.8111, 1.9090, 1.0251, 2.3430, 0.6207, 0.7501, 3.4253, 4.9402, 0.6037, 4.3932, 4.4400, 0.6391, 1.9581, 4.3388, 0.9465, 0.5680, 4.2933, 2.7717, 3.6671, 3.6253, 5.5441, 1.8493, 3.8559, 0.5817, 1.9437, 3.5996]
For Example 2, The full renyi 0.5 token for desp method is: [1.8186, 2.8388, 2.4466, 5.0404, 3.3036, 1.1799, 4.3464, 3.1845, 3.3329, 3.9932, 1.5895, 2.9427, 3.6301, 3.9724, 4.5992, 4.0571, 4.3034, 2.7760, 3.5540, 2.2745, 3.4925, 3.4382, 5.3538, 4.5043, 4.4076, 4.9419, 3.8933, 2.6620, 4.2352, 3.5564, 3.8325]
For Example 6, The full renyi 0.5 token for desp method is: [1.9346, 2.8946, 1.8294, 5.4953, 3.1128, 0.6547, 0.6244, 4.4342, 3.4683, 3.0082, 4.8544, 1.2532, 3.7551, 0.6390, 2.7921, 5.6262, 5.5258, 3.7321, 3.3519, 4.1413, 0.7044, 0.6086, 4.1612, 3.4265, 1.7213, 5.7652, 4.6257, 6.3203, 2.9076, 5.5463, 0.6913]
For Example 7, The full renyi 0.5 token for desp method is: [1.5030, 2.9021, 2.3003, 3.3110, 0.6132, 0.7001, 0.6180, 3.6508, 3.4416, 3.2746, 3.4995, 2.4586, 3.5510, 3.7217, 3.8575, 5.2120, 3.3997, 4.5584, 0.6486, 0.5633, 4.7050, 0.7444, 3.6742, 1.2156, 1.2738, 3.8047, 2.4254, 1.8698, 0.6996, 3.3680, 1.5287]
For Example 8, The full renyi 0.5 token for desp method is: [1.7860, 2.7764, 1.7756, 4.0648, 2.8990, 1.8132, 1.8211, 0.5758, 2.7296, 4.2790, 2.3516, 1.6084, 3.3131, 3.2997, 5.0167, 4.4025, 3.0449, 4.1187, 3.5438, 1.7348, 1.9362, 2.1825, 3.5369, 3.7048, 3.4583, 3.5646, 4.5283, 4.6190, 2.4374, 0.9013, 1.1505]
For Example 9, The full renyi 0.5 token for desp method is: [2.0241, 3.2310, 2.7470, 5.0488, 0.8492, 3.8930, 0.9123, 0.6088, 1.0746, 4.2821, 3.7166, 3.0615, 3.5053, 0.6904, 1.7604, 2.9970, 3.5126, 1.0362, 3.6458, 3.2986, 3.8640, 2.0666, 2.7119, 4.6139, 3.4886, 5.0192, 5.5412, 5.0435, 3.2035, 1.4428, 2.9905]
For Example 13, The full renyi 0.5 token for desp method is: [1.8945, 2.7544, 1.8189, 5.6505, 1.9634, 3.2525, 0.5883, 3.4368, 2.0549, 5.3539, 5.3174, 3.0424, 5.6203, 4.4243, 4.9753, 3.3217, 4.1305, 3.7934, 1.4614, 1.7875, 3.5780, 5.9523, 3.4846, 4.8204, 5.7819, 5.7284, 3.3369, 3.5410, 4.4684, 1.2214, 3.1614]
For Example 16, The full renyi 0.5 token for desp method is: [1.5794, 3.0493, 1.7121, 4.4179, 3.5656, 0.6431, 1.0672, 4.1013, 0.6174, 0.7958, 3.8869, 4.4407, 1.4912, 0.8518, 2.2981, 4.2410, 0.6548, 2.9343, 1.8273, 1.9928, 4.1162, 2.1956, 2.9921, 2.7955, 3.2335, 1.1580, 3.9321, 0.6168, 3.3531, 1.4741, 2.4133]
For Example 17, The full renyi 0.5 token for desp method is: [1.7586, 2.8938, 2.1069, 4.9455, 5.0480, 5.1548, 5.2957, 6.0732, 0.9571, 3.7572, 4.7872, 0.7055, 3.4618, 3.2304, 3.1596, 3.4864, 3.5518, 4.0706, 5.6493, 0.6206, 3.4325, 3.6543, 3.5158, 3.7512, 4.8578, 4.0709, 1.6267, 4.4189, 4.3063, 4.6483, 2.7440]
For Example 19, The full renyi 0.5 token for desp method is: [1.9794, 3.0391, 1.3030, 4.9350, 4.5780, 5.4031, 4.0952, 1.0070, 3.7251, 4.5463, 5.8814, 4.9588, 0.5708, 0.5950, 4.4041, 4.9205, 5.6547, 4.7108, 0.9689, 4.2695, 3.2020, 3.9933, 4.7745, 0.5985, 0.6071, 4.0013, 5.3081, 3.6322, 0.6393, 3.1218, 5.2879]
For Example 20, The full renyi 0.5 token for desp method is: [1.8887, 3.0784, 1.3176, 4.9366, 0.7679, 3.7152, 3.7599, 5.1484, 4.2360, 4.5815, 4.7843, 5.8109, 1.7794, 0.8526, 4.4868, 3.8820, 0.7393, 2.3940, 1.6281, 3.7581, 4.1595, 3.8809, 5.4766, 0.6863, 3.6404, 2.5082, 4.9220, 3.6165, 4.2148, 4.3927, 1.6625]
For Example 23, The full renyi 0.5 token for desp method is: [1.6230, 3.0213, 1.7942, 4.8878, 4.5519, 0.7931, 4.5207, 1.5427, 0.5707, 4.4522, 2.8286, 2.0706, 3.8339, 1.7732, 3.1030, 3.3762, 3.3107, 1.1426, 3.9231, 0.6245, 3.0411, 1.2937, 2.4317, 3.2857, 0.5956, 3.9800, 2.5813, 1.9821, 2.9103, 2.0308, 4.6589]
For Example 24, The full renyi 0.5 token for desp method is: [1.9888, 3.0715, 1.2202, 4.9422, 0.7161, 3.8470, 4.2136, 5.4018, 4.4240, 4.6776, 1.5091, 0.7096, 2.1631, 2.6661, 5.4938, 5.8958, 4.1626, 3.7111, 4.2044, 3.6620, 5.0474, 3.4700, 1.3311, 1.7915, 1.5984, 1.7609, 0.8180, 3.2498, 0.7080, 2.8355, 3.7265]
For Example 25, The full renyi 0.5 token for desp method is: [1.9056, 2.9906, 0.5941, 0.5893, 1.5469, 3.8276, 4.4882, 3.6760, 4.0130, 3.6958, 5.0837, 4.9000, 0.6824, 1.9195, 3.7823, 3.5502, 3.7350, 5.0750, 0.8217, 1.2714, 2.1174, 1.5295, 1.5127, 3.9417, 1.4145, 4.1887, 4.3571, 4.8617, 3.0213, 0.6483, 0.5614]
For Example 26, The full renyi 0.5 token for desp method is: [1.9420, 2.9726, 1.7713, 5.0911, 0.7192, 3.7332, 4.2881, 5.4488, 5.2136, 4.9196, 4.5980, 4.7560, 0.8965, 4.5754, 1.2003, 1.8180, 3.8110, 0.6527, 1.9422, 0.9824, 2.9707, 3.3435, 4.6781, 0.9883, 3.3163, 5.4942, 0.6929, 4.6459, 3.9688, 5.2173, 3.9372]
For Example 28, The full renyi 0.5 token for desp method is: [1.9150, 3.1531, 2.0495, 4.3506, 3.5991, 3.4572, 2.1942, 3.8290, 1.9116, 3.0662, 4.0078, 4.9561, 1.3526, 1.4451, 1.8448, 1.1662, 2.7631, 4.0189, 2.9013, 4.9057, 0.7045, 3.8735, 3.1487, 3.5145, 1.5532, 0.8404, 2.9407, 2.3441, 4.3349, 2.1927, 3.1818]
For Example 29, The full renyi 0.5 token for desp method is: [1.8071, 2.7981, 1.3637, 5.3117, 3.1682, 2.1039, 3.2150, 1.0143, 0.5613, 4.3485, 3.7781, 2.5242, 3.8276, 1.9565, 3.1957, 3.5524, 2.8463, 4.2469, 0.5617, 3.4317, 5.3082, 0.6642, 4.2339, 2.4522, 3.4426, 1.9788, 2.1493, 3.8580, 2.4870, 4.8272, 1.0765]
For Example 30, The full renyi 0.5 token for desp method is: [2.3914, 3.1552, 2.3051, 3.6430, 1.1683, 0.8431, 4.0238, 3.0066, 2.8171, 4.4623, 4.6100, 0.6729, 2.8223, 3.7661, 3.6072, 3.7625, 5.5022, 4.7435, 4.2579, 0.7229, 0.7190, 3.1806, 2.4737, 4.7428, 3.0674, 2.8451, 3.5722, 4.1001, 5.3636, 4.5426, 3.9536]
For Example 35, The full renyi 0.5 token for desp method is: [1.8112, 3.0130, 1.2102, 5.1615, 0.7148, 3.7987, 3.1290, 5.3257, 0.9534, 0.7066, 4.4235, 0.6820, 3.7400, 1.7810, 3.5644, 2.9278, 1.2685, 2.7007, 1.9351, 4.6858, 4.8151, 1.2348, 1.7225, 0.6472, 0.6084, 2.4536, 3.0752, 1.3633, 1.6004, 5.1891, 2.5307]
For Example 37, The full renyi 0.5 token for desp method is: [2.1136, 3.0979, 2.7684, 5.4195, 4.1843, 2.7026, 3.8768, 3.5692, 2.4653, 3.8823, 0.8550, 0.6468, 1.9434, 3.9943, 4.0434, 3.5108, 4.7899, 0.7195, 1.6708, 3.8330, 3.3479, 3.0713, 3.7621, 5.6734, 3.6168, 3.6342, 1.7740, 3.1918, 0.5864, 3.2035, 5.3596]
For Example 38, The full renyi 0.5 token for desp method is: [2.2688, 2.9852, 2.3318, 3.4633, 1.1697, 0.7174, 3.8468, 2.4992, 1.5481, 3.7181, 3.0473, 0.8822, 2.2586, 3.5000, 3.0153, 3.2960, 3.1201, 4.7478, 3.3583, 2.4253, 3.9034, 1.2656, 3.5991, 2.3692, 2.9104, 3.0916, 1.5870, 5.7056, 3.6778, 4.5424, 2.2101]
For Example 42, The full renyi 0.5 token for desp method is: [2.0268, 2.8215, 1.8168, 4.9966, 4.3643, 4.3831, 4.3493, 0.6196, 3.3255, 2.0124, 2.1786, 1.1273, 1.5481, 3.5878, 3.3006, 5.4388, 4.8571, 3.6615, 4.6423, 4.1215, 3.6838, 3.6433, 4.1293, 5.9118, 1.1268, 0.6002, 1.7292, 5.5257, 6.0033, 5.3345, 3.6686]
For Example 43, The full renyi 0.5 token for desp method is: [1.8813, 3.1135, 2.5690, 5.4773, 0.9517, 2.0342, 4.0269, 4.6249, 5.4881, 2.8286, 3.8264, 3.8837, 4.2916, 5.1691, 3.8004, 2.6880, 3.7568, 1.9088, 2.0382, 4.2691, 4.8485, 0.8186, 0.6059, 4.1726, 5.3993, 3.7665, 2.1512, 3.3111, 3.7336, 6.1659, 0.9341]
For Example 44, The full renyi 0.5 token for desp method is: [1.8163, 3.1186, 0.5908, 0.5739, 1.3703, 5.1183, 4.4769, 5.4232, 1.2593, 3.5056, 0.6339, 4.0748, 4.0595, 5.1090, 5.7248, 3.7766, 0.7633, 1.5909, 4.2578, 4.2820, 3.8794, 0.6032, 3.5276, 3.9067, 4.5741, 3.6676, 4.8668, 1.0416, 4.9027, 0.8347, 3.2332]
For Example 45, The full renyi 0.5 token for desp method is: [1.6084, 2.9380, 1.8305, 3.1644, 2.6540, 4.0428, 3.1191, 2.9556, 2.0523, 1.1018, 1.4202, 1.4434, 4.1236, 3.0743, 3.6682, 0.8907, 1.2491, 3.6740, 2.8569, 4.3506, 0.6334, 3.0121, 2.7261, 3.8552, 2.9093, 4.4833, 1.5267, 1.8352, 2.6012, 2.5716, 0.8785]
For Example 48, The full renyi 0.5 token for desp method is: [1.6475, 3.0099, 2.4409, 4.9246, 0.7369, 0.5794, 4.9110, 3.4844, 2.9774, 4.1605, 3.1120, 1.8038, 3.6271, 5.2607, 0.7247, 3.3795, 3.8135, 2.6018, 4.7151, 1.8599, 3.5105, 4.4170, 3.8495, 0.6742, 0.5649, 4.1164, 5.1637, 0.9363, 4.2996, 3.8858, 4.0246]
For Example 49, The full renyi 0.5 token for desp method is: [1.4444, 2.8214, 1.6466, 3.8845, 3.0535, 4.1978, 3.4739, 0.6168, 1.1500, 0.8634, 2.8830, 1.5864, 3.8513, 2.9286, 4.6525, 4.8033, 4.3695, 4.2042, 4.1998, 3.8856, 2.8050, 2.7723, 2.4704, 1.3438, 5.4890, 2.1170, 4.5020, 5.1379, 2.8218, 2.6349, 4.2190]
For Example 51, The full renyi 0.5 token for desp method is: [1.8005, 3.0627, 1.7038, 4.9346, 0.7315, 3.6347, 4.0641, 5.2829, 4.1778, 0.7542, 0.7060, 4.0563, 0.6754, 3.6812, 0.6413, 2.4852, 4.4004, 3.6589, 3.4110, 3.8815, 3.8587, 5.4778, 3.7810, 1.7247, 2.2274, 1.7005, 1.6420, 0.8480, 3.1850, 0.6606, 2.7070]
For Example 53, The full renyi 0.5 token for desp method is: [1.6759, 3.0252, 1.8331, 4.8888, 1.5975, 3.3714, 0.6216, 0.5720, 4.2031, 3.6087, 1.5708, 3.9011, 2.2997, 3.2601, 3.6882, 5.6655, 4.6791, 4.8032, 3.0488, 5.4709, 4.6013, 5.5721, 0.7644, 0.7319, 3.5427, 2.2125, 3.3480, 4.5806, 0.6939, 0.5665, 3.7464]
For Example 54, The full renyi 0.5 token for desp method is: [1.7346, 2.8143, 1.7932, 4.7333, 4.7318, 0.6556, 4.3014, 2.5083, 1.5823, 4.4356, 3.7261, 4.4019, 0.5750, 3.3631, 5.6133, 5.2253, 0.9060, 4.1006, 1.5599, 4.1003, 3.6202, 4.9151, 0.7755, 4.2468, 5.6150, 0.7177, 3.9567, 1.5865, 2.9465, 1.7537, 0.8493]
For Example 55, The full renyi 0.5 token for desp method is: [1.9668, 3.1128, 2.7825, 5.0131, 3.6337, 3.8136, 4.1451, 5.7620, 5.3936, 5.3454, 5.2698, 4.6191, 4.6379, 3.2153, 3.9562, 5.3989, 3.6929, 4.4372, 4.9682, 4.3964, 4.3515, 5.2645, 3.5366, 3.7257, 4.9854, 2.2776, 3.8848, 4.7417, 4.2882, 4.8344, 3.9793]
For Example 56, The full renyi 0.5 token for desp method is: [2.2588, 3.1453, 0.6022, 0.5796, 1.4569, 5.2735, 3.6132, 0.7116, 4.0344, 4.5077, 5.5333, 0.8997, 0.7192, 4.3116, 3.5234, 5.0577, 4.2326, 2.9783, 3.9458, 0.6849, 0.7116, 3.5148, 4.7315, 3.3884, 1.7232, 3.6309, 1.9549, 1.2931, 3.3889, 2.4356, 4.2729]
For Example 57, The full renyi 0.5 token for desp method is: [2.0573, 3.1395, 1.7421, 5.4715, 1.2149, 4.0245, 5.1111, 5.8790, 5.6479, 5.8776, 2.5651, 5.4647, 0.5828, 0.5988, 4.7197, 3.4808, 2.3458, 3.6127, 2.7234, 1.4791, 2.6810, 1.9374, 4.2623, 4.8700, 0.5822, 0.5861, 4.1024, 5.7063, 1.0294, 5.8922, 6.0958]
For Example 59, The full renyi 0.5 token for desp method is: [1.9068, 3.0339, 2.4250, 5.3679, 4.2565, 0.6634, 0.6171, 4.4020, 0.5926, 3.7939, 2.2889, 3.8820, 1.0009, 3.7837, 5.3694, 0.9490, 5.0063, 5.4814, 1.1114, 3.9257, 3.9506, 4.1888, 0.8837, 0.6451, 3.9052, 5.3545, 0.6399, 4.1389, 2.4340, 3.1306, 2.2033]
For Example 62, The full renyi 0.5 token for desp method is: [1.9171, 3.0828, 1.2822, 4.8007, 4.2316, 0.6828, 3.7611, 4.2210, 4.7723, 2.7648, 0.6739, 0.6844, 4.2437, 3.5516, 2.4105, 3.4170, 3.2612, 1.6126, 3.2592, 2.2323, 3.8554, 4.3942, 0.7905, 0.7568, 4.3467, 5.5114, 0.7411, 3.9523, 0.6527, 2.9027, 5.3643]
For Example 64, The full renyi 0.5 token for desp method is: [2.4268, 3.3840, 3.6795, 5.6578, 4.6520, 5.2715, 6.3416, 4.2301, 4.8587, 5.8883, 5.4910, 4.5062, 5.9631, 3.4398, 5.3609, 2.6160, 2.4437, 3.3259, 5.2458, 4.3691, 3.7737, 2.9976, 5.7064, 6.6188, 1.1222, 5.0677, 2.7295, 5.4971, 3.1336, 4.9780, 5.7119]
For Example 72, The full renyi 0.5 token for desp method is: [1.8263, 3.0287, 2.1558, 4.7348, 2.6009, 4.0808, 3.8473, 4.6818, 0.9757, 4.5703, 3.0176, 0.6475, 1.3585, 3.8525, 0.6185, 3.3629, 2.0766, 3.2841, 3.2905, 1.2660, 1.8500, 2.1437, 4.1125, 1.4220, 4.5454, 5.1861, 4.1701, 3.3875, 2.7718, 3.7768, 1.9846]
For Example 74, The full renyi 0.5 token for desp method is: [1.6092, 3.0470, 2.1874, 4.7351, 1.9230, 3.4529, 3.3562, 3.8556, 4.7724, 0.6302, 0.5710, 3.8268, 3.0797, 3.5764, 0.6317, 0.8819, 2.1498, 4.4715, 2.0432, 2.9353, 0.6071, 0.5610, 2.7095, 4.3816, 4.2316, 2.0137, 3.0211, 2.1055, 0.7212, 2.5912, 2.6107]
For Example 80, The full renyi 0.5 token for desp method is: [1.8827, 2.7856, 1.6775, 4.8111, 3.4697, 2.4979, 4.6070, 4.5563, 0.6548, 2.7128, 3.6396, 3.3628, 3.8648, 5.3988, 3.7074, 4.2119, 5.9819, 4.1881, 5.5419, 5.9260, 3.3693, 3.7310, 3.3788, 3.5659, 4.4090, 5.6877, 0.6682, 4.1284, 1.9552, 2.8187, 1.6831]
For Example 83, The full renyi 0.5 token for desp method is: [2.1015, 3.1548, 1.4368, 5.2480, 4.2554, 5.7579, 4.4464, 0.7316, 0.7270, 4.5365, 2.6658, 5.5403, 0.7042, 3.8226, 0.6756, 3.4398, 3.2290, 4.0287, 0.7072, 0.7072, 3.9927, 5.7056, 3.7069, 2.6179, 3.9956, 2.9059, 1.3584, 4.3031, 2.7585, 4.9943, 4.3558]
For Example 84, The full renyi 0.5 token for desp method is: [1.9699, 2.6178, 1.4531, 4.7082, 4.6099, 4.2385, 2.6172, 4.8976, 1.4531, 3.3362, 0.5732, 2.8228, 2.2049, 4.5995, 0.9899, 3.7123, 5.1982, 4.6001, 5.6340, 3.9290, 3.5397, 1.0900, 2.0512, 2.5301, 2.8830, 4.8364, 1.9793, 3.8098, 5.7712, 0.6512, 4.4915]
For Example 88, The full renyi 0.5 token for desp method is: [2.0042, 3.0326, 0.6000, 0.5939, 2.2141, 4.8797, 3.1637, 3.9968, 3.9377, 5.1639, 4.1721, 3.0754, 4.7688, 2.7584, 2.7364, 3.4064, 3.9909, 5.2672, 3.2785, 3.5936, 3.7946, 1.4413, 2.8080, 0.8610, 3.9070, 2.0124, 0.7391, 1.8935, 3.5325, 2.5987, 4.7758]
For Example 90, The full renyi 0.5 token for desp method is: [2.1879, 3.1449, 1.8330, 4.6521, 4.3716, 5.4715, 2.0148, 4.3504, 0.7244, 3.6632, 5.2053, 5.8010, 4.4803, 0.6302, 2.6256, 2.2459, 0.6115, 3.6392, 5.4127, 4.2791, 1.2932, 1.9451, 1.5787, 3.8647, 3.9368, 5.4552, 1.1485, 4.1359, 4.8155, 6.0194, 4.9836]
For Example 93, The full renyi 0.5 token for desp method is: [1.8276, 2.9285, 0.6055, 0.5764, 1.0825, 4.5142, 0.6689, 0.7944, 3.3676, 3.7201, 4.1384, 3.6523, 4.0734, 1.5021, 3.5994, 0.5840, 0.6679, 3.2035, 4.7257, 1.4284, 3.9611, 3.8038, 1.3101, 3.7553, 3.9517, 1.2017, 3.1413, 2.2572, 0.6854, 4.1707, 1.8216]
For Example 94, The full renyi 0.5 token for desp method is: [1.5139, 2.9073, 0.8615, 2.8450, 4.0337, 2.2303, 1.3771, 2.6989, 3.3322, 4.7542, 3.8816, 4.6430, 0.7192, 3.4615, 3.4941, 1.6842, 3.6895, 1.2301, 3.2662, 2.4157, 2.7345, 3.9319, 2.5878, 3.6809, 0.6212, 2.8900, 4.8917, 2.8113, 4.1936, 4.3089, 4.4656]
For Example 95, The full renyi 0.5 token for desp method is: [1.7990, 2.7578, 1.3251, 3.8431, 2.9804, 2.6866, 1.4241, 3.2495, 3.2867, 1.2957, 0.5891, 3.5634, 4.8359, 0.8415, 3.7142, 5.0533, 3.9460, 0.6268, 2.5014, 4.5986, 0.6821, 0.5972, 0.6230, 2.6745, 2.7954, 3.0095, 2.7298, 1.4468, 5.0792, 0.5884, 2.2929]
For Example 97, The full renyi 0.5 token for desp method is: [1.8571, 2.8675, 2.0144, 5.0568, 3.7899, 2.5145, 4.4189, 5.1333, 4.5633, 4.8521, 4.3161, 5.7020, 4.8162, 5.7053, 5.4132, 1.2197, 5.2861, 5.2071, 3.6097, 0.6301, 1.7767, 2.9877, 2.7351, 4.3841, 4.6902, 5.9048, 0.6726, 4.6032, 3.9732, 4.0377, 1.8757]
For Example 98, The full renyi 0.5 token for desp method is: [1.5827, 2.8344, 1.6113, 3.9355, 0.8156, 0.9824, 3.8543, 3.3671, 4.6282, 0.7895, 3.9826, 4.0176, 4.1515, 3.0324, 3.5488, 1.5871, 3.6324, 1.3098, 3.7153, 4.0840, 0.9524, 4.0832, 3.8854, 3.8665, 4.0741, 4.9788, 5.2930, 3.3009, 5.3803, 1.2697, 3.6468]
For Example 99, The full renyi 0.5 token for desp method is: [1.5022, 2.7968, 1.4458, 4.6483, 0.6454, 0.5816, 3.4637, 3.7271, 2.5414, 4.7518, 1.0936, 3.9833, 3.9216, 5.0994, 4.0297, 2.4164, 4.4009, 3.4520, 1.0920, 2.3996, 2.7212, 3.4236, 0.6354, 0.5666, 3.4275, 5.2383, 4.4775, 2.5480, 3.3777, 3.6879, 5.0410]
For Example 100, The full renyi 0.5 token for desp method is: [2.2408, 2.8377, 1.8007, 4.3816, 2.6783, 1.0157, 4.1507, 3.5298, 4.2515, 1.4991, 4.8547, 2.6647, 1.9667, 3.8065, 3.6879, 1.5661, 2.3904, 2.5841, 3.8528, 1.0894, 3.8026, 5.3533, 0.8619, 0.6905, 3.5785, 3.3560, 5.4649, 2.2657, 4.1133, 1.3335, 3.6554]
For Example 101, The full renyi 0.5 token for desp method is: [1.8571, 3.0213, 1.8696, 4.6551, 0.8806, 0.6552, 3.4311, 3.9548, 3.5656, 4.3547, 0.6934, 2.3390, 3.2606, 5.1370, 4.4611, 3.0776, 2.4774, 2.9880, 3.3503, 3.5799, 5.3425, 4.7281, 1.4682, 2.6168, 4.1141, 3.3424, 0.8216, 2.1548, 2.7954, 5.2005, 3.9278]
For Example 103, The full renyi 0.5 token for desp method is: [1.6374, 2.8702, 1.9969, 5.4101, 5.0918, 5.5132, 1.2458, 0.8830, 4.3203, 4.0902, 3.3506, 2.0618, 3.4097, 1.8416, 2.9039, 3.5239, 3.8080, 4.5442, 3.2301, 3.9741, 2.2888, 6.2631, 5.0059, 3.4935, 3.9209, 3.9255, 5.0990, 4.1387, 3.7223, 5.1049, 1.0111]
For Example 108, The full renyi 0.5 token for desp method is: [1.7710, 2.9641, 1.5284, 4.3667, 4.7742, 3.3287, 4.7917, 3.5209, 0.5976, 5.0067, 4.2400, 5.0900, 5.6148, 2.3575, 4.8306, 3.9853, 1.2762, 4.7323, 3.2489, 4.4833, 3.0888, 2.5730, 4.7712, 3.6236, 5.4725, 3.3230, 5.1357, 3.5402, 4.4879, 1.6587, 4.3645]
For Example 111, The full renyi 0.5 token for desp method is: [1.7261, 3.2337, 0.5844, 2.2127, 4.1859, 3.7900, 3.2640, 2.9459, 3.3849, 3.4810, 1.8479, 2.5089, 5.0080, 3.7448, 2.5514, 0.5745, 4.9722, 4.0653, 1.3363, 4.3248, 0.8899, 3.3894, 3.4548, 2.7075, 1.8643, 4.4775, 2.7982, 2.1656, 3.4777, 2.2466, 4.4824]
For Example 112, The full renyi 0.5 token for desp method is: [1.8423, 3.0004, 0.5827, 1.8785, 3.5233, 3.2251, 2.1599, 3.3276, 2.8257, 3.7263, 4.6474, 3.3314, 2.0314, 2.1354, 0.5893, 2.5117, 4.7548, 3.6875, 1.7923, 2.7220, 3.2738, 3.8455, 2.6237, 2.3761, 3.8527, 3.3933, 1.4063, 2.1667, 1.9759, 3.3246, 4.8488]
For Example 113, The full renyi 0.5 token for desp method is: [1.5407, 2.8941, 2.1923, 4.2817, 3.3388, 3.1413, 2.3863, 4.0005, 0.6265, 3.6308, 4.7228, 2.1346, 1.8895, 3.1575, 3.6071, 3.6391, 2.8135, 4.5520, 0.5939, 3.0944, 4.8034, 2.4442, 4.7749, 2.6623, 1.6444, 5.2251, 1.5456, 2.5326, 2.9519, 1.6528, 4.1119]
For Example 114, The full renyi 0.5 token for desp method is: [1.9998, 3.0660, 0.5976, 0.5777, 1.5279, 5.2362, 0.7684, 4.1387, 3.2107, 2.9408, 0.6605, 2.4915, 3.5163, 0.7619, 0.5652, 2.2963, 3.2075, 4.8723, 0.9167, 0.7591, 3.1622, 4.9532, 3.5563, 1.6544, 4.0287, 1.7385, 1.7219, 3.5678, 2.4637, 4.7036, 1.0932]
For Example 115, The full renyi 0.5 token for desp method is: [2.0746, 2.9738, 2.3816, 5.6098, 0.9455, 3.9318, 4.3703, 5.9390, 1.0334, 4.8657, 4.9865, 5.4238, 0.7276, 4.1787, 5.6064, 3.3779, 2.3515, 1.7834, 3.3520, 4.5690, 0.7048, 3.3569, 5.9300, 0.6954, 4.4997, 1.2705, 0.8342, 3.0146, 5.1689, 4.4415, 5.8700]
For Example 116, The full renyi 0.5 token for desp method is: [2.3957, 2.8390, 1.4667, 4.7999, 1.0963, 4.7599, 5.5933, 6.4947, 5.9310, 2.9810, 3.4697, 5.3275, 5.0009, 1.4914, 2.3100, 2.8752, 5.5457, 2.0534, 4.6661, 5.3688, 2.2018, 5.3137, 1.0373, 1.7988, 2.8535, 4.4911, 0.8571, 3.1937, 4.9939, 3.4017, 2.6280]
For Example 121, The full renyi 0.5 token for desp method is: [2.1395, 3.2062, 0.5974, 0.5818, 1.8745, 5.5989, 0.7458, 4.3827, 4.5355, 5.7523, 3.9616, 5.0762, 4.5152, 5.1206, 3.0959, 4.4669, 2.9756, 3.3157, 4.5812, 3.8763, 5.6129, 3.8501, 2.6468, 3.9770, 1.9931, 0.9018, 3.5443, 2.2724, 4.0722, 3.4531, 3.3303]
For Example 122, The full renyi 0.5 token for desp method is: [1.9945, 3.0928, 0.6157, 0.5887, 2.6234, 5.3076, 3.7882, 3.3439, 4.2514, 5.5063, 4.6796, 4.2015, 3.8309, 2.4760, 3.0565, 3.8543, 4.2187, 1.4658, 4.1205, 5.4900, 2.4110, 4.6393, 3.2998, 1.4520, 3.1094, 2.6589, 3.9870, 5.0741, 1.6521, 2.3843, 3.0110]
For Example 124, The full renyi 0.5 token for desp method is: [1.6091, 2.7690, 1.6278, 3.2793, 2.9606, 4.1509, 3.5698, 0.6140, 2.2408, 4.9998, 1.0035, 0.5656, 3.6914, 5.1209, 3.3812, 4.6023, 0.5776, 3.1414, 4.4106, 3.9931, 2.5028, 2.4991, 1.4421, 2.3158, 3.1106, 3.1169, 5.1657, 5.1090, 0.8678, 3.1539, 5.3097]
For Example 126, The full renyi 0.5 token for desp method is: [1.9360, 3.0841, 0.5951, 0.5734, 1.3048, 5.0592, 4.2956, 5.6149, 3.5805, 0.7548, 3.9397, 4.6259, 5.4233, 4.2238, 0.5633, 0.5826, 4.2494, 4.4740, 5.2257, 4.2590, 1.0667, 0.8897, 3.9946, 3.9424, 4.8511, 1.6639, 3.9289, 4.7806, 5.7672, 1.1407, 4.8868]
For Example 127, The full renyi 0.5 token for desp method is: [1.7436, 2.8659, 1.8391, 5.2616, 0.7103, 0.5820, 4.5925, 3.7545, 3.4302, 5.1723, 3.9928, 4.6363, 3.8131, 3.8334, 5.1783, 4.1575, 5.0086, 3.3043, 0.9806, 3.0191, 1.9853, 4.1176, 3.6043, 2.8417, 4.2183, 3.7958, 5.3421, 0.7033, 3.9749, 1.1051, 3.8808]
For Example 129, The full renyi 0.5 token for desp method is: [1.3944, 2.8464, 1.8772, 4.3421, 3.0757, 1.2935, 2.5251, 1.7775, 3.7459, 1.9434, 4.1611, 3.4109, 4.4199, 4.8753, 1.0917, 3.8610, 0.6266, 3.6823, 1.9396, 2.2510, 3.3687, 2.8787, 4.9206, 3.5517, 2.0266, 3.9328, 3.1474, 5.0366, 1.8603, 2.5301, 3.4188]
For Example 133, The full renyi 0.5 token for desp method is: [1.6481, 2.8377, 2.1075, 3.9620, 0.8483, 3.6190, 3.9788, 0.6213, 2.5179, 1.6534, 0.5829, 3.7260, 2.0993, 0.7469, 2.1188, 4.1374, 3.5649, 3.0635, 0.9249, 3.5367, 3.0923, 2.5604, 1.9002, 4.0091, 1.9898, 2.3929, 3.7255, 3.8255, 4.5756, 0.5820, 5.5308]
For Example 134, The full renyi 0.5 token for desp method is: [1.8788, 2.9074, 2.2408, 5.0108, 4.5093, 1.5695, 1.8553, 0.5773, 4.0940, 0.6034, 3.1970, 3.1193, 3.2852, 2.7490, 3.4260, 3.4956, 4.8668, 0.8175, 3.9309, 4.0208, 3.1414, 3.9233, 4.4099, 3.1551, 0.5869, 3.6620, 5.1644, 3.4652, 2.3768, 2.3190, 0.8832]
For Example 136, The full renyi 0.5 token for desp method is: [1.8951, 2.9989, 0.6139, 0.5979, 1.7056, 3.5996, 3.0268, 2.2276, 3.4958, 4.0812, 4.7412, 3.6081, 4.0321, 2.5304, 3.2686, 3.8306, 3.9237, 3.2494, 4.6979, 1.0228, 2.6330, 3.4045, 3.1981, 4.9380, 0.6596, 3.9629, 5.1920, 3.0846, 5.2822, 2.9527, 2.0341]
For Example 138, The full renyi 0.5 token for desp method is: [1.6021, 2.8166, 1.1953, 3.4945, 2.9388, 4.2983, 3.1996, 1.9611, 3.1155, 0.8120, 3.9412, 5.7260, 3.6784, 3.8946, 4.8082, 1.4745, 0.5609, 4.2480, 2.8576, 3.6571, 5.7361, 3.7253, 2.4102, 5.1522, 0.5648, 3.6136, 5.0095, 5.8070, 0.6087, 3.1509, 4.0081]
For Example 139, The full renyi 0.5 token for desp method is: [1.9954, 3.1529, 0.6156, 0.5892, 2.2112, 5.4139, 1.4218, 1.4779, 4.9292, 0.7755, 4.7449, 1.4788, 3.8574, 5.2875, 1.1189, 4.7851, 5.1214, 4.3260, 5.2177, 3.6945, 5.3665, 5.0112, 3.2353, 2.1440, 3.2528, 4.0679, 5.5024, 3.0521, 3.9450, 5.6106, 3.6814]
For Example 140, The full renyi 0.5 token for desp method is: [1.9171, 3.0533, 2.2799, 4.7183, 0.6981, 1.6954, 4.1525, 3.6594, 4.3784, 1.1161, 3.3680, 0.5998, 3.7485, 3.9241, 4.6610, 3.2027, 3.6092, 1.3613, 3.8540, 4.0954, 1.1694, 4.5036, 3.1978, 2.4730, 4.3553, 2.8816, 4.9040, 5.0219, 2.3587, 5.1175, 1.0432]
For Example 141, The full renyi 0.5 token for desp method is: [1.7478, 2.8120, 1.3583, 4.7680, 4.3107, 1.4723, 1.6800, 0.5744, 3.9173, 0.5847, 2.9507, 1.8277, 4.0610, 3.3164, 4.2779, 2.6886, 4.1640, 0.6272, 1.6816, 1.1089, 0.5842, 4.6992, 3.2329, 1.4946, 3.4889, 4.2170, 1.2990, 3.3486, 0.6686, 4.2240, 2.6493]
For Example 142, The full renyi 0.5 token for desp method is: [1.8746, 3.0185, 1.6457, 6.0196, 5.3727, 4.8835, 3.3569, 2.2386, 0.6947, 1.9638, 4.9755, 4.4172, 3.6954, 5.6430, 5.0508, 5.3282, 4.1510, 3.0850, 3.1796, 4.3040, 3.7009, 4.2665, 2.2630, 6.2943, 5.2371, 3.1504, 4.6335, 4.3557, 5.8470, 6.2536, 4.2075]
For Example 144, The full renyi 0.5 token for desp method is: [2.0236, 2.8832, 1.6693, 4.5883, 4.4626, 3.3935, 3.3553, 4.6167, 3.4743, 2.7687, 4.0117, 4.8253, 0.6063, 3.3329, 1.9372, 4.4559, 3.0369, 3.6960, 3.9862, 4.4957, 5.8458, 0.6882, 4.4756, 2.3143, 3.3954, 1.5946, 1.6702, 0.7575, 3.2888, 2.6891, 4.5801]
For Example 146, The full renyi 0.5 token for desp method is: [2.1080, 3.1881, 0.6084, 0.5863, 2.2909, 5.1785, 2.8230, 4.4209, 4.7153, 6.1077, 5.4840, 4.7700, 3.1465, 2.3792, 3.8885, 4.1935, 5.4573, 4.3561, 6.0231, 1.3663, 1.4970, 4.8203, 4.1107, 4.3196, 1.4706, 4.1440, 3.7759, 3.5688, 0.5816, 2.8736, 1.3486]
For Example 149, The full renyi 0.5 token for desp method is: [1.5394, 2.9507, 2.3431, 4.9521, 0.7425, 0.6293, 4.0288, 3.6245, 2.3892, 4.3253, 2.0343, 3.4618, 3.7287, 0.8192, 4.2549, 2.6307, 3.2865, 3.6254, 0.6348, 0.5706, 3.3967, 5.2909, 0.7323, 4.0337, 2.1022, 3.2807, 2.0614, 0.9601, 2.7417, 2.4292, 5.1758]
For Example 152, The full renyi 0.5 token for desp method is: [2.3882, 3.1351, 2.4306, 5.2544, 4.7325, 5.7597, 4.6966, 3.9305, 3.5907, 4.5607, 5.2267, 0.8300, 4.7267, 5.6009, 4.9148, 1.7080, 1.5991, 2.2962, 1.9887, 2.3843, 0.7285, 1.2778, 2.1734, 2.0590, 3.5769, 5.2036, 4.3101, 4.5075, 5.8887, 4.5470, 2.4518]
For Example 153, The full renyi 0.5 token for desp method is: [2.1656, 3.2425, 2.8252, 5.1678, 3.7350, 3.3425, 4.1967, 5.4403, 2.2897, 4.7283, 0.5822, 3.8079, 3.9153, 3.9263, 3.4221, 3.9184, 4.0739, 2.0496, 3.8049, 5.3638, 3.9994, 2.0674, 2.6303, 3.7861, 3.2625, 4.6828, 3.6991, 2.7671, 2.7707, 1.6791, 2.7335]
For Example 156, The full renyi 0.5 token for desp method is: [1.9445, 3.1403, 0.5897, 0.5823, 2.3809, 5.0377, 1.3849, 0.6287, 5.6453, 4.3923, 4.3757, 5.7816, 5.1100, 4.6089, 5.0061, 0.8206, 0.5920, 4.8667, 5.6528, 4.1362, 4.4606, 1.3967, 3.9555, 3.9151, 4.2597, 3.3602, 3.2556, 5.0882, 3.3837, 4.9873, 4.9915]
For Example 158, The full renyi 0.5 token for desp method is: [1.9395, 3.1533, 0.6150, 0.5886, 2.1824, 4.9775, 3.4822, 3.3639, 1.6776, 3.1276, 0.7276, 3.8666, 0.6225, 2.9033, 5.3934, 4.6981, 0.9541, 1.5306, 3.8597, 0.7468, 4.2546, 4.7216, 3.8530, 5.0919, 4.7716, 0.5744, 2.6853, 5.0640, 0.6602, 0.8485, 3.5160]
For Example 159, The full renyi 0.5 token for desp method is: [1.7511, 3.0000, 1.7102, 5.1528, 0.7126, 3.5281, 3.8676, 5.2448, 4.6046, 0.9444, 4.6317, 3.6536, 1.0794, 0.8069, 3.1562, 4.1981, 4.8543, 0.6653, 3.1224, 5.6239, 0.7440, 5.4921, 1.2044, 3.1976, 1.5314, 2.2732, 4.5787, 4.1465, 5.4518, 4.6907, 1.4138]
For Example 162, The full renyi 0.5 token for desp method is: [1.9241, 3.0899, 3.2839, 5.4727, 2.9746, 4.7392, 0.6115, 3.7266, 3.8279, 4.3807, 4.4129, 5.4738, 4.7696, 5.6362, 3.8489, 1.8345, 5.0618, 0.8278, 4.1801, 1.9729, 2.7527, 3.3664, 4.8283, 2.5595, 3.7130, 5.8694, 4.0277, 3.8790, 6.1078, 3.1734, 2.0105]
For Example 163, The full renyi 0.5 token for desp method is: [2.0776, 3.0695, 2.0416, 5.2208, 4.4924, 4.6889, 4.3804, 4.3300, 0.8036, 4.5510, 3.8462, 3.9982, 5.5948, 3.5633, 4.2665, 1.6104, 4.7673, 3.6419, 0.7639, 4.1724, 1.8969, 2.5654, 4.8425, 3.7847, 5.1343, 3.5644, 1.4209, 3.6025, 2.7554, 2.1088, 0.7847]
For Example 165, The full renyi 0.5 token for desp method is: [2.1072, 2.8739, 1.8702, 5.3229, 4.9296, 3.9370, 2.0565, 4.6441, 1.4957, 4.3928, 2.3683, 3.1419, 0.8278, 3.5752, 5.1267, 0.6649, 1.3139, 2.1398, 2.1496, 2.6215, 2.9750, 4.6210, 2.0802, 3.7143, 5.5156, 0.7121, 4.3534, 2.3308, 3.3585, 1.8404, 1.1462]
For Example 166, The full renyi 0.5 token for desp method is: [1.5109, 2.5594, 1.0564, 4.5897, 3.8832, 2.1423, 3.9028, 3.1177, 0.9990, 2.7242, 1.9567, 4.7763, 3.9294, 2.7563, 4.9336, 1.5120, 3.3006, 2.6379, 3.3296, 3.8135, 5.4289, 4.7858, 3.0314, 1.3327, 2.7545, 5.6473, 5.1434, 4.1845, 5.2813, 1.1521, 5.0826]
For Example 167, The full renyi 0.5 token for desp method is: [1.5144, 3.0705, 3.0929, 5.1739, 4.4925, 0.6208, 4.3927, 3.2489, 2.3252, 4.0935, 1.6134, 3.9437, 4.8235, 4.7710, 5.2146, 0.6276, 2.3463, 0.8218, 4.4510, 4.8304, 0.8925, 1.8686, 4.5620, 3.3007, 0.6425, 3.3497, 4.0313, 1.4962, 4.6098, 0.7261, 3.3301]
For Example 168, The full renyi 0.5 token for desp method is: [1.7802, 2.9594, 2.0779, 5.1690, 0.8023, 3.7177, 3.6397, 4.9803, 4.4620, 0.7847, 4.4273, 3.4881, 1.0590, 0.8047, 2.9812, 2.6348, 4.4211, 3.5246, 2.8412, 4.4558, 4.5616, 0.6543, 3.0582, 5.3552, 0.7295, 5.7058, 5.6289, 3.5521, 1.7136, 2.3891, 4.7677]
For Example 171, The full renyi 0.5 token for desp method is: [2.1405, 3.2018, 1.7876, 5.2725, 3.3780, 1.1944, 3.9969, 4.0853, 5.7907, 4.1881, 0.8688, 0.7455, 4.9754, 3.6552, 2.5132, 3.9043, 3.3470, 1.6374, 3.8825, 2.2284, 4.1437, 4.3145, 0.7456, 0.7355, 4.3969, 6.0142, 0.6445, 1.0406, 5.4095, 6.0729, 3.8621]
For Example 172, The full renyi 0.5 token for desp method is: [1.6024, 2.8221, 1.6120, 5.0685, 3.8898, 4.0554, 3.1930, 2.9483, 2.2352, 3.3898, 1.8266, 2.6380, 2.9761, 5.5081, 4.2931, 4.2238, 5.3444, 0.7479, 3.2997, 2.8830, 2.7840, 3.2823, 3.4936, 4.6698, 3.4345, 3.6441, 2.0385, 6.0557, 1.0894, 2.0287, 4.9989]
For Example 173, The full renyi 0.5 token for desp method is: [1.6695, 2.5336, 1.3475, 5.1393, 3.8449, 3.4961, 1.2583, 3.3311, 3.2364, 3.1872, 2.2105, 4.5424, 3.6174, 5.2853, 3.7601, 4.8567, 2.0197, 4.3738, 4.9595, 3.9905, 0.6276, 2.4397, 1.9704, 3.2667, 3.3810, 3.9629, 1.9950, 5.6579, 5.0780, 2.1381, 2.9729]
For Example 177, The full renyi 0.5 token for desp method is: [1.4484, 2.9469, 1.5202, 4.6421, 1.7306, 1.0734, 2.4032, 0.9941, 3.0319, 4.8647, 0.7987, 4.7628, 0.8205, 2.8317, 2.0187, 4.1473, 0.6094, 2.7337, 0.9413, 5.0886, 4.9009, 1.7504, 5.2777, 3.0038, 0.5737, 2.0593, 4.8950, 2.1266, 2.6943, 3.2334, 4.4377]
For Example 179, The full renyi 0.5 token for desp method is: [1.9538, 3.2029, 0.5993, 0.5766, 1.2405, 4.8617, 0.9011, 3.9020, 4.5056, 4.9735, 5.5670, 1.1947, 2.2298, 4.4525, 3.9136, 0.6155, 4.2178, 3.7565, 4.0612, 3.0574, 4.4718, 3.0983, 4.8528, 4.9104, 0.6127, 3.1096, 3.6343, 3.2870, 3.3750, 4.9866, 2.1205]
For Example 181, The full renyi 0.5 token for desp method is: [1.6973, 2.8880, 1.5340, 3.1919, 4.2814, 0.7784, 3.0636, 3.3750, 0.6024, 2.8736, 4.3442, 0.6858, 0.6067, 3.7456, 5.1632, 1.8409, 2.4795, 2.6992, 3.0291, 5.5213, 0.5925, 4.2015, 2.5522, 3.0754, 1.2629, 2.2285, 3.2439, 4.3319, 3.2049, 5.1028, 0.5876]
For Example 187, The full renyi 0.5 token for desp method is: [2.1616, 3.2245, 3.0837, 5.2347, 3.4034, 3.7684, 4.1899, 5.8287, 2.8880, 5.2896, 4.5120, 5.4821, 2.2182, 4.6476, 3.4949, 4.1374, 2.1587, 4.8096, 5.6110, 0.6879, 4.1615, 3.1747, 4.6206, 1.9024, 3.2521, 5.0971, 4.3935, 4.2597, 5.5331, 2.4710, 3.2728]
For Example 188, The full renyi 0.5 token for desp method is: [1.6686, 2.8154, 0.5937, 0.5870, 1.7176, 4.1281, 0.8183, 3.5627, 4.0154, 3.3270, 2.6183, 3.7492, 0.6653, 1.4256, 3.6261, 4.8539, 2.9650, 2.1375, 4.0878, 5.0077, 4.3529, 4.3823, 3.5593, 3.2507, 1.0227, 3.9671, 4.2969, 4.6689, 3.2211, 3.9254, 2.6663]
For Example 189, The full renyi 0.5 token for desp method is: [2.0669, 3.1390, 0.5973, 0.5801, 1.8595, 5.4908, 0.7392, 3.9309, 4.2079, 5.0241, 0.7152, 4.4774, 4.9701, 4.5646, 1.6659, 1.4067, 2.2645, 1.8394, 0.8758, 2.6611, 0.7171, 1.0949, 2.1093, 2.1073, 1.2058, 3.2448, 1.4668, 3.7786, 5.0592, 0.6964, 3.0750]
For Example 192, The full renyi 0.5 token for desp method is: [1.7652, 3.1292, 2.2252, 4.4790, 0.7110, 3.9785, 3.9025, 3.8825, 0.6540, 3.0491, 2.9025, 3.7315, 2.0754, 3.1636, 3.4823, 3.3935, 2.9619, 4.6998, 2.2315, 4.4898, 2.1249, 2.9420, 1.0540, 4.2472, 2.6546, 3.8160, 2.7159, 4.5901, 4.5275, 3.3419, 1.0628]
For Example 194, The full renyi 0.5 token for desp method is: [2.0165, 3.1989, 1.6783, 5.0824, 3.6092, 0.9232, 2.5050, 3.2395, 3.6920, 0.6052, 3.3681, 4.4603, 3.7280, 2.8580, 5.3544, 2.5971, 4.3515, 4.0817, 3.6556, 5.3023, 3.3381, 3.0675, 4.4711, 2.9695, 3.0457, 1.6640, 5.8360, 4.3083, 3.8149, 5.2800, 4.3559]
For Example 197, The full renyi 0.5 token for desp method is: [1.8311, 3.3771, 0.6103, 0.5811, 1.3356, 4.9350, 4.2667, 5.1744, 3.7576, 4.3110, 4.6377, 5.3975, 5.1829, 4.5160, 3.7746, 1.3790, 2.2330, 3.8627, 2.4265, 4.3887, 4.5510, 3.8334, 4.9124, 0.6498, 1.0445, 4.2291, 4.4958, 3.5125, 4.5539, 2.0055, 0.5930]
For Example 200, The full renyi 0.5 token for desp method is: [1.9082, 2.6730, 1.1360, 3.6625, 3.0236, 0.7603, 2.2723, 4.5079, 0.7021, 2.1533, 3.1324, 4.2264, 0.6693, 0.6062, 0.6286, 2.6388, 3.9140, 3.6821, 2.5914, 4.0757, 4.7866, 3.0270, 3.1511, 3.1296, 2.4400, 2.9015, 4.7939, 0.7864, 3.5085, 4.6088, 2.4917]
For Example 202, The full renyi 0.5 token for desp method is: [1.7639, 2.8392, 1.2158, 4.8321, 2.7329, 2.6973, 0.8817, 3.2126, 2.2052, 4.6597, 3.8430, 2.2586, 4.0066, 5.3587, 4.8982, 3.8434, 2.2305, 4.1192, 3.0200, 2.8887, 4.3019, 3.7371, 5.1607, 0.6939, 4.1430, 0.7656, 2.9683, 1.4318, 0.7771, 3.4234, 2.3100]
For Example 205, The full renyi 0.5 token for desp method is: [1.6890, 2.7557, 0.9190, 3.6641, 2.9792, 2.4599, 1.5364, 3.2266, 0.6003, 3.5199, 2.0792, 3.9234, 3.4211, 4.7460, 0.6668, 1.8844, 3.7699, 0.7040, 3.4318, 0.7014, 2.3145, 2.3021, 3.0805, 3.1712, 1.5001, 5.2718, 4.6398, 2.5971, 4.3911, 3.3984, 5.4901]
For Example 208, The full renyi 0.5 token for desp method is: [2.0928, 2.6933, 1.5700, 4.6494, 5.1298, 0.6969, 4.1430, 0.5856, 3.3622, 2.2563, 4.9858, 0.6095, 3.5711, 5.2132, 0.6694, 0.7925, 3.6482, 5.1219, 4.9264, 5.4982, 1.8233, 4.1007, 2.6688, 3.4143, 4.2624, 0.6382, 3.8980, 5.4214, 3.1341, 5.8182, 4.0392]
For Example 209, The full renyi 0.5 token for desp method is: [1.8523, 3.0095, 1.1977, 4.7065, 3.9359, 5.6749, 0.6695, 0.9715, 2.9818, 3.8443, 4.3568, 5.1523, 4.5667, 0.8245, 4.4266, 3.4112, 0.5689, 4.3537, 4.5882, 5.7252, 5.3798, 0.7443, 0.6506, 0.6811, 4.2573, 4.2302, 4.4388, 4.1492, 5.0882, 1.1181, 3.9194]
For Example 212, The full renyi 0.5 token for desp method is: [1.7349, 2.5979, 1.6027, 4.6333, 1.8062, 3.6444, 3.2578, 0.5984, 2.7005, 4.6384, 1.2717, 3.9645, 5.1702, 5.5833, 5.7404, 5.6818, 2.5688, 4.2704, 4.4685, 2.2773, 3.5167, 0.6677, 1.8488, 2.9184, 2.5864, 3.4373, 3.0585, 4.8269, 0.6204, 3.6099, 4.6334]
For Example 213, The full renyi 0.5 token for desp method is: [1.8244, 2.7608, 1.1169, 3.4834, 3.3689, 3.4448, 2.8825, 0.6678, 1.9491, 4.4387, 3.9059, 0.7788, 1.6965, 0.5599, 3.4212, 4.8406, 1.4246, 1.7475, 2.0122, 1.3079, 2.3664, 3.2026, 2.9929, 4.7143, 0.6259, 3.9680, 0.6271, 0.5723, 0.5989, 2.2311, 4.7324]
For Example 217, The full renyi 0.5 token for desp method is: [2.2808, 2.8607, 1.8923, 5.5834, 4.7342, 3.5362, 0.6372, 1.1687, 2.5681, 1.7339, 4.6335, 5.2294, 4.4630, 5.4757, 5.1308, 4.9156, 4.4802, 0.7815, 0.7163, 5.0388, 4.9125, 4.3626, 0.6268, 4.8354, 2.5099, 2.6115, 3.8768, 4.3529, 5.3409, 0.9414, 0.6799]
For Example 220, The full renyi 0.5 token for desp method is: [2.4272, 3.1199, 2.2905, 5.6755, 1.4108, 0.8225, 5.2696, 0.6797, 2.9259, 2.2885, 5.3882, 1.0609, 4.4877, 4.2939, 5.6127, 5.1922, 0.5715, 0.6099, 4.1101, 4.6490, 4.7676, 0.8965, 0.6675, 3.3731, 2.6017, 3.7505, 4.8501, 3.2993, 3.5732, 5.0294, 0.5860]
For Example 221, The full renyi 0.5 token for desp method is: [2.1704, 2.9056, 1.9290, 5.1450, 4.0193, 2.3679, 5.2961, 3.2618, 4.9688, 4.6352, 5.6000, 2.2079, 1.0673, 0.8687, 2.2778, 3.5444, 4.7638, 3.0807, 2.2523, 2.6426, 3.1572, 4.6369, 1.7911, 4.1181, 5.2441, 0.6859, 4.2357, 2.6791, 4.5070, 4.0331, 5.2452]
For Example 222, The full renyi 0.5 token for desp method is: [2.1781, 2.8658, 1.5702, 5.8134, 1.2637, 0.5650, 4.4876, 4.8687, 6.3535, 5.2108, 2.9674, 2.7366, 4.6454, 2.8460, 1.9167, 3.9017, 1.3865, 3.5519, 2.9136, 4.4791, 1.1823, 0.5611, 3.5979, 5.8853, 3.8427, 3.0703, 4.2404, 1.0958, 3.2584, 5.2760, 4.3894]
For Example 224, The full renyi 0.5 token for desp method is: [1.5598, 2.5974, 1.0193, 3.9440, 2.3257, 3.2191, 3.1216, 2.0194, 4.5971, 3.4446, 0.5892, 3.6959, 2.1776, 4.1296, 3.3615, 2.0934, 2.7905, 4.7347, 0.5855, 3.3212, 3.6105, 0.7345, 2.5594, 0.6099, 1.6458, 5.1238, 2.6418, 1.3349, 4.8882, 0.5723, 1.6552]
For Example 226, The full renyi 0.5 token for desp method is: [2.1632, 3.1358, 1.5137, 5.0242, 3.1908, 0.6321, 0.7010, 4.1654, 4.4129, 6.5371, 5.1868, 4.2333, 5.3436, 4.8033, 0.7219, 4.6536, 2.9443, 3.5704, 5.4864, 5.0940, 0.6774, 3.9591, 5.8766, 3.5302, 1.5453, 4.1265, 3.0987, 5.0577, 2.7266, 5.7581, 4.0362]
For Example 228, The full renyi 0.5 token for desp method is: [1.8002, 2.8929, 0.6056, 0.5975, 1.6715, 4.0388, 3.5942, 2.5078, 3.5639, 3.2029, 4.4338, 3.7218, 3.8788, 1.5623, 2.9189, 1.1476, 3.7622, 5.2130, 2.6612, 1.7695, 0.5694, 0.6079, 3.4311, 2.0320, 1.1922, 1.1795, 2.0965, 2.8655, 1.2616, 3.9033, 3.0764]
For Example 233, The full renyi 0.5 token for desp method is: [1.9821, 3.0397, 1.3566, 4.7218, 3.0142, 0.6432, 0.7067, 4.0718, 3.9588, 6.1155, 1.9809, 2.8839, 0.8870, 0.6298, 1.0359, 5.1584, 2.8369, 3.6053, 3.9224, 3.9707, 4.2509, 1.2178, 0.9136, 4.1842, 5.1075, 3.2196, 2.1629, 4.7767, 0.7280, 4.0680, 4.4247]
For Example 236, The full renyi 0.5 token for desp method is: [1.6198, 2.8162, 2.1625, 5.3354, 4.2619, 3.9615, 5.6099, 1.5641, 4.9526, 3.7363, 4.4215, 0.7850, 4.9251, 0.7554, 3.6617, 3.2995, 1.0950, 3.7408, 4.7405, 0.8128, 4.4785, 2.5616, 2.7614, 4.4837, 2.9195, 5.3578, 4.3726, 2.3612, 3.5724, 2.5415, 2.6957]
For Example 238, The full renyi 0.5 token for desp method is: [1.5403, 2.8922, 2.4237, 3.4478, 0.6116, 0.7365, 0.6084, 3.6945, 3.6132, 0.6202, 1.6822, 0.7538, 3.0357, 2.3476, 4.9040, 3.7952, 1.2080, 3.3597, 2.5028, 2.6453, 5.0419, 0.7079, 3.6968, 2.9200, 4.9157, 1.3171, 3.6900, 5.1189, 5.0559, 0.5910, 1.4237]
For Example 239, The full renyi 0.5 token for desp method is: [1.5639, 3.1992, 1.4632, 4.2984, 3.5319, 3.2073, 2.0469, 3.0691, 3.3273, 4.3690, 3.7377, 4.3424, 2.3186, 2.2175, 1.6035, 3.5218, 3.1139, 5.2696, 6.1987, 5.9639, 5.5992, 1.1970, 4.6599, 5.3218, 4.7532, 5.7164, 4.1697, 3.5618, 4.6480, 1.1283, 4.1190]
For Example 240, The full renyi 0.5 token for desp method is: [1.6864, 2.9126, 1.5816, 4.7849, 3.1047, 0.7497, 1.1266, 3.8040, 3.9432, 5.7819, 0.6747, 3.8675, 3.6603, 5.2287, 4.8668, 3.9904, 3.6173, 2.8227, 2.7767, 4.3356, 1.2718, 3.2553, 3.5276, 4.9060, 4.2780, 5.0365, 3.3133, 0.6275, 1.9777, 3.9679, 3.4294]
For Example 244, The full renyi 0.5 token for desp method is: [1.9335, 2.6931, 1.5617, 5.0969, 3.9377, 3.1419, 1.5078, 3.0711, 1.4450, 0.6410, 1.4132, 1.1888, 1.3158, 4.8229, 4.8703, 0.6859, 3.3453, 5.1729, 0.8822, 5.0220, 3.4326, 2.4590, 2.9737, 3.5908, 4.1675, 3.5942, 4.0462, 2.3745, 5.8469, 0.5944, 2.6720]
For Example 246, The full renyi 0.5 token for desp method is: [1.9417, 2.9958, 2.0258, 5.0346, 0.7410, 3.7937, 4.3988, 5.5692, 2.3824, 4.2782, 3.1959, 3.4831, 3.6257, 3.6835, 5.3809, 3.7433, 1.4925, 1.6287, 2.4223, 4.4251, 4.5157, 2.4410, 4.1675, 5.7491, 0.7271, 4.5756, 4.6050, 5.1589, 3.9955, 4.3924, 3.6823]
For Example 249, The full renyi 0.5 token for desp method is: [1.8700, 2.9788, 1.1596, 4.6816, 3.4592, 0.6574, 0.7479, 4.1300, 2.7847, 1.7931, 4.6197, 0.6697, 3.8131, 3.9501, 3.5707, 0.6953, 0.7174, 3.8030, 5.2620, 0.6689, 3.8633, 2.4665, 5.1856, 4.1421, 3.9737, 4.3965, 4.7118, 4.9505, 2.6443, 1.4572, 2.8446]
For Example 251, The full renyi 0.5 token for desp method is: [1.6675, 3.0189, 2.6418, 4.6987, 4.0541, 3.1397, 2.4707, 5.0110, 4.5497, 5.4370, 0.6571, 4.0119, 3.9266, 2.7616, 2.7205, 5.0386, 0.6215, 3.4619, 5.0275, 2.1576, 4.9787, 0.8568, 2.2585, 4.6392, 4.3712, 3.4913, 5.7660, 0.9022, 4.3509, 4.2806, 3.5276]
For Example 254, The full renyi 0.5 token for desp method is: [1.5574, 2.8337, 1.9555, 5.1018, 2.4287, 3.7303, 1.7528, 3.5407, 4.5496, 3.1781, 1.9689, 3.5281, 1.7783, 2.9724, 3.1282, 2.4617, 4.1323, 3.0360, 3.3295, 5.5729, 0.6950, 3.8507, 0.9948, 1.8569, 3.7978, 2.9527, 5.3240, 3.2099, 3.1173, 4.4607, 5.1644]
For Example 256, The full renyi 0.5 token for desp method is: [1.8400, 3.0789, 0.6117, 0.5975, 1.8335, 3.7024, 3.3955, 2.4375, 3.4802, 3.2540, 2.4944, 3.3856, 3.7753, 1.7659, 2.4435, 1.7854, 2.9341, 3.6532, 1.8808, 1.4439, 3.0588, 4.6513, 4.0791, 3.3443, 3.9707, 4.3891, 4.8226, 2.1151, 2.2292, 3.7885, 5.2404]
For Example 260, The full renyi 0.5 token for desp method is: [1.5478, 2.7935, 1.3142, 4.5416, 0.6393, 0.5769, 3.1383, 3.6243, 2.3595, 4.8641, 1.0045, 3.7338, 3.8097, 5.4173, 4.2375, 4.4874, 5.3264, 3.9793, 2.9453, 2.3435, 2.7059, 2.8762, 3.9480, 0.6744, 0.5669, 3.5661, 5.3839, 0.7116, 4.1138, 2.1417, 3.1827]
For Example 261, The full renyi 0.5 token for desp method is: [2.0121, 2.7606, 2.4240, 5.3335, 4.8266, 4.3730, 2.5328, 4.7493, 4.7246, 4.7605, 3.0044, 3.9770, 3.8098, 3.5650, 5.5753, 4.9412, 6.2835, 6.1870, 3.6009, 5.7924, 2.0194, 0.6113, 5.2979, 1.3279, 1.9849, 3.4250, 4.5036, 4.4973, 5.8224, 0.7119, 4.1635]
For Example 264, The full renyi 0.5 token for desp method is: [1.5429, 3.0149, 0.5876, 0.5858, 2.2051, 4.6582, 1.0410, 3.3272, 3.1633, 1.9651, 1.5121, 4.4125, 3.6381, 4.5978, 4.0805, 4.9440, 4.8240, 0.6539, 3.5665, 4.4770, 4.8822, 3.3507, 0.6192, 1.4828, 0.9040, 3.5518, 2.9950, 3.9143, 4.8417, 4.5958, 5.4875]
For Example 265, The full renyi 0.5 token for desp method is: [1.6423, 2.9329, 2.3883, 4.3961, 4.3961, 0.6794, 4.3089, 4.7184, 0.6231, 0.5794, 4.6748, 3.0719, 5.5953, 3.9164, 4.2990, 3.2844, 3.8559, 0.6601, 0.7244, 4.5380, 5.6232, 4.2652, 1.6444, 2.4320, 3.4049, 2.7349, 5.2357, 3.9460, 4.1218, 5.3312, 3.3405]
For Example 266, The full renyi 0.5 token for desp method is: [2.1960, 3.3270, 1.8221, 5.3136, 0.7341, 4.2771, 3.9155, 5.2082, 3.8099, 0.7161, 0.7052, 4.6181, 3.7763, 3.2056, 4.2661, 1.7898, 4.2253, 3.4952, 3.8329, 4.5914, 0.8495, 0.7688, 4.2638, 5.3041, 0.6925, 4.1817, 2.1960, 3.4329, 1.9665, 1.1397, 3.5780]
For Example 267, The full renyi 0.5 token for desp method is: [2.1636, 3.0751, 0.6031, 0.5833, 2.2662, 5.2448, 2.7739, 4.3947, 4.8329, 6.2059, 2.3434, 3.1826, 5.8732, 4.3805, 5.3603, 3.5732, 4.2476, 3.9589, 1.9979, 2.5472, 3.1482, 4.1417, 4.5948, 4.8563, 5.7135, 0.7170, 4.3818, 3.7933, 5.9298, 3.8903, 5.2835]
For Example 270, The full renyi 0.5 token for desp method is: [2.0920, 2.7374, 1.5403, 5.0269, 3.2100, 0.5919, 4.4579, 2.9711, 2.4629, 4.4435, 3.9569, 5.3215, 0.8921, 4.6555, 2.6337, 3.7411, 1.9317, 3.3179, 0.5754, 1.7546, 2.1303, 1.5959, 2.3141, 5.7883, 0.7654, 3.8366, 6.3290, 0.7509, 4.4487, 4.8119, 6.3987]
For Example 271, The full renyi 0.5 token for desp method is: [1.7987, 2.8898, 1.0055, 4.0434, 1.9814, 4.7876, 3.8658, 2.3958, 4.1150, 3.8222, 5.1227, 4.1474, 2.6921, 4.3442, 3.4817, 3.6244, 4.1627, 2.4972, 4.2508, 3.9566, 4.4768, 4.1047, 2.1683, 0.8497, 1.4106, 2.0800, 2.6695, 4.8560, 3.7176, 4.8549, 3.1580]
For Example 273, The full renyi 0.5 token for desp method is: [1.8031, 2.9399, 1.4617, 4.9143, 3.8092, 3.1744, 2.9019, 3.9567, 2.5753, 3.9006, 3.9286, 2.9943, 3.0291, 2.9732, 4.9367, 3.7527, 3.7414, 2.3189, 4.3867, 3.1866, 3.4982, 3.9291, 3.1889, 3.5553, 1.9137, 5.6191, 0.6411, 2.4792, 4.9533, 3.0014, 5.3104]
For Example 275, The full renyi 0.5 token for desp method is: [1.5037, 2.8686, 2.3355, 4.7923, 1.8628, 3.1967, 2.7640, 3.2992, 4.1806, 3.3885, 4.0469, 0.6585, 3.5149, 2.9487, 3.9181, 2.8287, 2.6402, 3.0463, 2.0881, 4.5795, 0.6577, 3.3763, 0.6714, 2.2666, 1.9877, 1.4719, 0.6334, 2.4496, 1.6902, 3.0028, 0.7987]
For Example 276, The full renyi 0.5 token for desp method is: [1.8965, 2.8594, 1.9004, 4.9227, 3.3111, 2.2477, 3.0216, 5.1065, 0.6373, 4.7441, 3.3273, 2.3574, 3.2632, 2.5667, 2.4838, 3.8093, 2.1731, 2.8554, 2.3854, 3.4816, 4.8179, 3.0876, 3.2174, 2.9155, 0.9219, 3.2224, 2.0140, 4.1810, 0.6224, 2.9078, 5.2322]
For Example 277, The full renyi 0.5 token for desp method is: [1.8140, 2.9109, 1.6701, 4.4465, 4.0492, 2.6312, 1.4627, 4.1512, 3.7680, 2.6888, 1.5680, 3.4185, 3.1527, 3.3767, 4.5076, 3.8547, 2.9013, 4.2159, 1.5887, 3.8035, 5.6926, 0.7714, 4.3850, 0.7592, 2.8692, 1.7460, 0.7154, 2.5864, 2.3892, 5.2712, 4.1109]
For Example 278, The full renyi 0.5 token for desp method is: [2.0682, 2.9442, 1.7270, 4.9660, 4.4011, 3.5730, 3.4282, 5.0633, 5.0257, 3.0741, 2.1621, 4.3103, 3.4107, 3.2637, 4.3561, 4.2978, 5.8025, 0.7017, 4.6303, 3.2399, 3.8502, 1.7620, 1.8266, 0.7653, 3.2455, 2.8011, 4.5024, 0.8725, 2.4230, 2.8285, 1.7429]
For Example 279, The full renyi 0.5 token for desp method is: [2.0053, 2.7512, 1.3637, 4.8047, 2.5794, 0.6367, 1.3335, 4.1518, 4.5453, 5.4640, 0.9152, 3.2641, 4.5908, 4.0502, 2.9088, 1.3925, 1.8170, 2.5268, 3.5919, 4.2618, 1.3754, 3.4086, 4.6470, 4.4947, 0.8833, 5.0342, 3.1875, 2.9748, 3.3531, 2.9793, 4.2893]
For Example 282, The full renyi 0.5 token for desp method is: [2.1343, 2.7738, 1.6149, 2.3845, 4.7421, 5.3704, 1.2264, 4.1109, 4.2703, 4.6145, 3.5712, 4.7330, 5.1356, 0.7716, 3.9209, 3.8905, 3.2039, 4.5181, 3.8425, 4.0603, 6.0702, 2.6666, 5.5013, 3.6230, 2.1607, 5.8472, 3.9142, 5.3442, 1.0393, 2.7463, 2.4340]
For Example 283, The full renyi 0.5 token for desp method is: [1.8688, 2.9783, 1.5562, 5.4619, 5.2895, 6.0272, 4.7276, 0.7735, 0.7605, 4.3755, 4.9440, 6.1938, 4.7306, 4.1005, 5.6666, 6.1979, 4.3621, 2.8957, 4.3051, 3.3200, 4.1896, 2.7753, 2.9326, 5.0788, 0.8390, 2.5933, 3.0318, 3.9891, 4.3482, 0.6828, 0.6977]
For Example 286, The full renyi 0.5 token for desp method is: [1.9943, 3.0400, 1.3037, 4.6562, 1.0284, 3.8398, 0.8826, 2.0925, 3.8077, 3.7978, 5.1136, 3.5023, 1.1986, 3.5428, 1.7679, 2.7346, 3.2513, 0.5602, 4.3088, 2.4263, 3.9561, 0.7865, 1.1911, 2.9470, 4.0537, 3.3736, 2.7794, 4.0060, 2.8065, 5.3650, 3.7304]
For Example 288, The full renyi 0.5 token for desp method is: [2.3533, 2.7962, 1.5443, 4.6524, 4.0140, 1.6472, 1.7029, 0.5703, 3.2592, 4.2636, 2.4664, 1.7741, 4.0553, 1.2717, 3.3205, 5.1578, 4.7209, 3.5838, 4.4363, 3.3476, 2.5937, 4.3402, 3.7035, 3.7356, 3.8277, 0.5919, 1.7854, 3.6759, 2.4685, 4.2285, 1.5256]
For Example 289, The full renyi 0.5 token for desp method is: [1.9359, 3.0457, 1.5931, 5.2981, 0.8697, 3.9277, 4.7602, 5.6351, 5.3527, 4.9264, 4.7051, 5.9083, 4.1947, 1.3421, 2.0652, 3.8118, 3.8113, 3.9447, 5.6207, 3.4308, 4.1888, 5.8727, 1.0562, 0.7171, 0.5798, 3.4039, 3.8681, 2.7283, 3.4750, 0.6544, 2.4667]
For Example 290, The full renyi 0.5 token for desp method is: [1.5455, 2.9350, 1.6862, 4.1038, 0.8768, 4.0147, 2.4072, 2.0899, 0.6986, 3.7566, 0.6661, 3.1975, 1.8955, 4.3368, 4.1644, 5.5860, 4.5370, 4.3038, 2.6094, 0.8444, 5.2124, 3.8869, 3.3934, 3.3789, 2.1700, 3.8553, 4.2279, 2.9146, 2.0694, 0.6444, 3.0907]
For Example 293, The full renyi 0.5 token for desp method is: [1.5844, 3.0313, 0.5998, 0.5898, 1.4352, 3.9958, 3.2187, 0.6468, 0.9198, 4.6903, 0.6952, 0.8876, 3.6258, 4.4111, 1.3126, 0.9165, 2.2570, 4.2021, 0.6596, 3.0204, 1.8897, 1.9917, 4.3053, 2.3000, 3.1316, 3.0278, 3.1257, 1.1755, 3.9730, 0.6168]
For Example 297, The full renyi 0.5 token for desp method is: [1.8596, 2.6075, 1.3578, 4.7861, 4.5642, 6.0205, 2.4685, 4.9007, 0.6304, 4.1486, 5.4887, 6.1779, 4.8286, 4.8312, 4.3160, 5.6288, 0.5857, 3.1498, 2.5838, 3.7314, 0.7196, 2.9609, 3.3682, 3.1684, 4.3655, 0.6390, 3.9783, 5.5375, 6.3349, 5.8274, 6.3974]
For Example 299, The full renyi 0.5 token for desp method is: [1.5798, 2.5062, 0.9862, 4.0114, 3.4268, 3.7771, 3.5504, 2.3707, 0.7236, 2.2282, 4.3419, 3.9261, 0.7355, 2.9612, 2.0662, 3.7000, 3.2458, 3.8552, 1.8944, 5.7998, 1.0756, 1.9492, 4.9202, 3.1368, 5.0177, 0.7254, 2.5734, 2.9497, 1.2908, 0.6742, 0.9332]
For Example 302, The full renyi 0.5 token for desp method is: [1.6630, 2.9775, 1.2325, 4.9025, 0.6620, 3.6883, 3.8754, 5.2613, 4.5546, 4.7842, 4.6169, 5.3778, 4.0864, 1.3247, 2.1417, 3.1934, 3.5586, 3.8268, 5.4201, 3.6362, 2.6427, 3.9387, 1.9954, 2.1651, 3.9677, 0.7907, 3.6325, 4.7509, 3.9518, 4.0291, 4.4240]
For Example 304, The full renyi 0.5 token for desp method is: [1.6862, 2.9327, 2.2742, 4.4142, 2.2045, 3.7347, 3.1257, 3.8053, 3.2173, 4.3023, 3.5731, 2.3691, 3.9803, 3.7718, 4.8720, 1.9866, 4.0149, 0.6270, 3.7560, 2.6345, 4.1500, 0.7222, 3.0974, 4.5838, 0.6383, 3.3040, 2.5366, 1.0556, 3.4947, 3.0870, 5.4987]
For Example 308, The full renyi 0.5 token for desp method is: [2.1069, 3.1377, 2.5468, 4.9593, 3.5070, 3.9327, 3.9764, 5.6324, 4.3984, 3.7744, 3.9406, 5.2704, 2.4520, 4.6274, 3.2526, 3.8836, 4.8279, 5.9896, 4.8376, 5.4289, 3.7293, 4.4876, 3.8602, 4.0498, 5.6078, 1.8528, 3.2116, 2.4268, 2.3813, 3.8252]
For Example 310, The full renyi 0.5 token for desp method is: [1.8696, 2.6671, 1.4116, 4.8665, 4.5496, 1.3461, 1.5820, 0.5773, 3.6763, 0.5906, 2.9663, 3.2386, 3.6465, 2.8796, 3.6637, 3.5214, 3.5906, 5.3528, 3.2425, 2.9620, 3.8679, 0.5985, 3.4385, 5.6449, 0.6596, 1.0335, 5.1194, 4.2857, 0.7284, 3.0093, 4.8478]
For Example 311, The full renyi 0.5 token for desp method is: [1.4939, 2.8908, 1.3615, 4.4171, 0.6388, 0.5790, 4.4194, 3.6931, 2.6196, 4.3100, 0.7865, 2.7803, 3.3355, 3.7641, 4.8066, 0.9862, 4.5439, 2.7215, 4.9675, 1.4036, 2.1359, 2.6165, 3.2818, 0.6102, 0.5647, 3.5646, 5.6887, 0.7197, 4.1620, 2.3932, 3.3477]
For Example 312, The full renyi 0.5 token for desp method is: [1.4555, 2.8945, 1.9755, 4.9908, 3.3502, 3.4345, 2.9077, 3.8415, 2.2100, 2.0374, 0.6543, 4.0789, 3.4322, 2.9313, 2.8798, 5.2770, 0.6725, 4.1900, 1.5873, 1.6195, 0.7105, 2.2779, 5.0082, 3.3284, 4.1006, 4.1502, 1.0581, 1.7047, 2.5001, 2.2133, 3.1911]
For Example 313, The full renyi 0.5 token for desp method is: [1.8402, 3.0544, 2.5216, 5.1498, 1.1487, 4.2475, 2.6233, 2.2400, 4.1229, 0.6132, 3.5442, 2.6296, 4.2781, 0.6354, 1.8083, 3.7467, 4.1763, 4.4114, 4.8776, 1.4459, 5.8790, 5.3735, 5.7963, 3.5015, 1.6218, 3.8694, 4.3766, 5.3973, 3.9282, 4.8077, 3.7502]
For Example 316, The full renyi 0.5 token for desp method is: [2.0280, 2.9316, 1.8376, 4.6561, 5.0046, 3.2152, 3.4585, 4.7572, 5.3639, 2.5583, 3.5409, 3.9036, 3.3457, 4.3832, 3.1291, 3.9492, 3.7643, 2.0784, 3.6542, 1.8951, 1.9982, 1.8890, 3.7840, 3.5453, 5.3737, 3.7423, 5.7734, 1.2778, 3.6295, 5.5312, 4.0932]
For Example 318, The full renyi 0.5 token for desp method is: [1.9736, 2.9793, 1.7486, 4.7480, 4.6595, 0.6655, 2.9115, 4.0311, 3.8568, 3.9498, 5.5334, 5.0269, 6.2895, 4.3388, 2.7894, 5.2029, 4.3874, 5.1430, 3.6098, 3.8082, 2.5437, 3.4257, 3.8616, 4.4328, 5.5634, 4.4466, 4.4097, 5.2820, 4.4474, 5.4407, 4.9296]
For Example 321, The full renyi 0.5 token for desp method is: [1.7364, 2.9671, 0.5785, 2.2182, 5.1570, 4.2664, 2.3997, 4.9087, 1.1413, 2.8144, 2.3161, 2.0074, 1.2917, 3.3046, 0.8939, 3.4685, 3.2051, 4.6809, 1.4387, 3.4033, 5.0559, 4.3816, 3.3517, 3.3320, 5.1901, 4.5096, 5.6237, 4.8311, 5.9783, 2.3430, 4.9641]
For Example 322, The full renyi 0.5 token for desp method is: [1.7933, 3.0003, 1.3643, 5.1476, 3.6543, 4.9029, 1.2057, 3.9596, 0.6302, 0.5730, 4.4996, 0.8694, 3.5072, 4.3853, 5.3438, 1.2265, 1.2607, 3.6824, 0.7650, 4.5956, 0.6228, 4.2684, 2.8735, 4.1698, 0.7176, 4.4001, 5.6775, 0.5904, 0.8614, 4.6028, 5.5881]
For Example 324, The full renyi 0.5 token for desp method is: [1.7526, 2.8036, 1.4626, 4.4424, 3.8030, 3.9262, 3.5831, 1.2218, 0.6562, 5.1733, 5.5542, 1.0250, 4.5097, 6.0149, 1.6692, 3.4367, 5.3566, 3.3429, 0.6120, 2.4912, 5.2424, 5.0305, 0.6606, 3.9723, 2.8635, 2.8842, 5.8142, 3.7243, 5.1748, 1.0677, 4.2417]
For Example 325, The full renyi 0.5 token for desp method is: [1.7828, 2.9769, 2.8915, 5.6410, 5.2830, 5.0024, 0.7006, 1.3571, 4.9957, 3.8267, 3.3115, 3.8420, 2.2302, 2.1367, 0.6302, 3.7623, 3.5706, 3.1412, 2.9525, 0.5806, 2.9107, 5.3223, 0.6947, 3.6681, 1.2100, 1.0338, 3.2440, 1.9846, 1.5761, 0.6391, 2.7058]
For Example 327, The full renyi 0.5 token for desp method is: [1.6142, 2.9387, 1.8168, 4.6922, 0.6409, 0.5767, 4.7304, 0.8941, 2.7473, 3.2512, 4.3255, 3.8014, 3.4731, 2.0531, 4.2247, 3.2651, 3.1480, 3.7984, 0.6277, 0.5651, 3.8809, 5.7727, 0.7557, 4.2685, 2.0322, 3.2314, 2.1217, 0.8779, 2.8009, 2.4805, 5.0836]
For Example 329, The full renyi 0.5 token for desp method is: [1.6794, 2.9303, 1.9739, 5.0814, 0.9988, 3.1044, 4.2386, 0.6317, 3.4351, 3.3536, 5.1421, 5.0491, 3.8630, 5.0884, 0.6283, 3.4790, 4.7499, 4.3717, 3.3196, 3.7118, 4.5037, 5.5798, 1.7658, 4.3845, 3.8873, 4.4728, 4.0030, 4.1445, 1.3482, 2.9342, 5.1819]
For Example 331, The full renyi 0.5 token for desp method is: [1.5714, 2.6829, 1.3427, 5.4795, 4.4029, 0.7395, 3.4233, 1.0933, 3.4735, 2.4403, 4.0501, 2.2442, 3.6748, 5.3597, 5.1872, 4.5204, 4.8985, 5.6761, 5.0960, 1.4780, 0.7923, 3.6316, 2.8728, 3.8454, 0.7114, 3.5718, 5.3592, 1.0027, 5.0569, 5.2126, 5.0783]
For Example 332, The full renyi 0.5 token for desp method is: [1.6192, 2.9091, 1.4283, 4.5216, 0.6761, 0.5810, 3.2642, 3.4318, 2.1634, 4.1180, 3.1981, 2.7214, 3.6697, 5.3955, 0.9584, 4.7967, 3.1078, 2.6745, 3.8532, 0.6356, 0.5667, 3.5628, 5.1836, 0.7078, 3.9538, 1.8378, 3.2352, 1.8405, 0.8767, 2.9253, 2.2645]
For Example 334, The full renyi 0.5 token for desp method is: [2.1529, 3.0543, 2.0484, 5.5796, 5.3273, 4.0870, 3.7834, 2.7181, 5.1479, 0.9810, 2.4197, 4.1423, 3.8013, 2.8732, 4.9636, 2.2985, 3.6987, 3.9465, 4.9129, 4.5031, 0.8576, 4.5439, 2.8312, 3.3611, 3.7257, 3.4586, 5.3734, 0.6996, 4.0687, 3.3100, 5.0660]
For Example 340, The full renyi 0.5 token for desp method is: [2.4335, 2.7395, 1.4559, 4.1440, 1.2759, 4.6423, 4.8483, 0.5786, 0.8345, 4.7929, 1.8163, 3.2589, 6.0075, 4.5173, 2.7784, 4.7340, 4.2148, 3.2651, 4.4747, 0.9705, 3.1942, 5.0381, 3.4897, 2.5594, 4.5023, 3.9526, 5.1980, 4.4285, 3.8739, 5.3458, 3.5745]
For Example 343, The full renyi 0.5 token for desp method is: [2.0424, 3.3831, 2.6153, 5.1016, 0.7636, 4.5389, 4.7373, 4.4187, 3.5346, 2.7136, 5.0241, 3.9079, 5.4664, 4.3626, 5.1624, 4.5656, 4.2818, 1.2818, 2.3837, 2.8596, 3.0396, 5.3601, 2.4075, 5.1157, 3.0346, 1.0538, 3.6999, 2.4125, 4.3685, 2.8245, 4.6087]
For Example 347, The full renyi 0.5 token for desp method is: [2.0293, 3.0202, 1.3172, 5.0337, 1.0498, 3.7117, 4.1855, 5.3180, 4.2408, 0.5656, 0.5824, 4.3041, 3.4260, 0.6279, 2.6788, 5.1031, 3.8580, 4.1799, 4.6655, 1.0142, 2.5330, 0.5704, 0.5671, 1.7829, 3.0050, 1.3848, 3.5675, 4.6082, 4.0236, 0.6028, 3.5512]
For Example 349, The full renyi 0.5 token for desp method is: [2.1064, 3.2044, 2.8212, 5.1051, 3.7940, 5.1286, 5.0853, 6.0169, 4.9552, 4.5581, 5.4229, 3.9139, 5.1455, 2.4911, 4.5060, 1.5858, 2.2555, 2.7591, 2.8385, 4.3213, 4.8044, 4.4137, 5.2082, 0.6869, 4.0250, 4.1008, 5.9922, 3.4582, 4.2742, 4.9355, 4.7904]
For Example 351, The full renyi 0.5 token for desp method is: [1.5003, 2.8483, 2.2535, 5.0454, 1.7782, 3.3397, 3.6683, 3.7401, 3.6947, 4.9714, 4.1291, 3.8029, 2.5219, 2.2976, 2.5163, 3.2963, 2.4920, 4.9822, 0.6642, 3.4372, 1.0567, 0.9686, 3.4553, 1.9939, 1.6977, 0.6585, 3.1987, 2.1704, 2.8030, 0.8210, 1.2551]
For Example 353, The full renyi 0.5 token for desp method is: [1.9790, 2.9220, 1.7186, 4.8152, 4.6488, 0.6584, 2.8607, 3.7152, 3.6021, 3.9735, 3.3033, 4.9993, 4.1020, 5.0902, 4.8539, 5.9778, 5.1989, 4.2617, 1.6338, 2.0393, 3.0267, 3.3713, 3.8444, 4.2180, 5.6609, 0.6975, 4.1815, 2.0794, 2.7597, 1.7655, 1.6401]
For Example 354, The full renyi 0.5 token for desp method is: [1.5609, 2.7975, 1.2957, 4.0820, 3.0166, 4.4274, 4.4765, 3.4397, 3.1813, 0.5764, 0.6293, 2.0901, 4.7133, 3.5707, 2.7983, 3.9794, 2.9150, 0.6011, 4.3448, 2.5634, 4.8618, 3.2796, 2.7706, 2.7626, 3.3561, 3.0995, 5.7238, 0.8102, 3.3304, 5.2606, 3.0869]
For Example 356, The full renyi 0.5 token for desp method is: [1.6628, 2.9439, 1.8436, 3.9812, 2.4042, 3.2815, 3.0496, 2.3164, 4.1620, 1.6737, 0.5784, 3.9601, 5.5815, 1.3698, 2.9278, 2.8902, 2.4534, 3.3485, 3.0999, 3.4003, 3.0377, 4.8782, 0.6441, 2.8174, 3.4991, 0.7826, 3.4395, 2.5070, 4.6512, 3.1241, 1.7679]
For Example 361, The full renyi 0.5 token for desp method is: [1.9984, 2.9610, 1.5504, 5.0213, 4.3505, 0.9418, 2.2749, 3.5075, 3.9840, 5.3164, 4.0254, 2.9951, 4.5678, 0.8676, 4.0645, 4.2537, 0.6601, 2.7918, 3.7628, 4.0945, 0.7820, 3.4260, 5.3065, 3.9828, 4.3491, 4.4130, 3.1945, 1.1469, 2.6530, 2.1502, 4.4907]
For Example 363, The full renyi 0.5 token for desp method is: [1.8442, 3.0602, 0.6051, 0.5974, 2.8358, 4.7531, 2.5824, 3.6979, 4.3229, 5.7398, 3.2359, 3.8997, 1.8004, 2.2256, 1.2844, 3.9210, 5.1972, 2.5459, 4.0073, 0.8519, 3.1730, 3.9363, 2.9221, 5.0666, 3.9371, 3.8331, 5.4907, 3.9892, 4.8159, 5.9777, 5.6058]
For Example 371, The full renyi 0.5 token for desp method is: [1.6123, 3.0901, 1.9753, 4.6658, 2.5507, 5.3185, 2.7578, 4.4260, 4.6008, 5.5330, 5.1160, 4.9082, 5.7298, 1.1505, 4.7944, 0.9709, 3.3330, 2.0675, 4.9128, 3.2624, 3.2480, 4.2864, 1.2273, 4.1453, 5.6687, 0.6732, 3.9962, 2.7137, 4.9713, 1.1071, 4.0692]
For Example 373, The full renyi 0.5 token for desp method is: [1.7228, 2.9411, 1.5375, 4.7113, 0.7641, 3.5852, 3.4732, 4.7663, 4.1259, 4.7312, 4.6323, 5.2266, 3.9246, 1.2574, 1.7033, 3.9892, 3.4575, 3.7457, 5.3611, 0.7136, 4.0885, 5.3825, 0.7101, 1.7728, 3.5382, 3.9606, 3.9289, 1.6777, 2.2181, 2.1516, 1.9934]
For Example 381, The full renyi 0.5 token for desp method is: [2.4215, 2.9865, 2.4864, 6.2216, 6.0607, 5.9587, 5.7518, 6.0843, 1.2736, 5.4922, 4.8364, 4.3486, 5.1595, 2.2653, 1.1651, 0.7800, 0.9652, 4.6777, 2.0013, 2.8248, 5.1865, 5.0556, 4.4525, 6.2151, 4.7911, 5.7935, 6.2955, 5.2124, 3.4758, 3.5517, 4.5699]
For Example 382, The full renyi 0.5 token for desp method is: [1.5172, 2.6146, 2.3851, 4.6981, 1.4535, 0.5836, 2.9636, 0.6063, 3.5813, 1.3068, 0.6422, 2.8762, 2.2665, 4.5200, 3.4154, 2.6666, 3.8100, 1.4742, 0.5868, 2.9627, 5.5557, 0.7017, 4.4150, 1.8487, 2.5516, 3.8210, 2.7814, 3.0712, 4.4741, 3.3702, 4.8178]
For Example 384, The full renyi 0.5 token for desp method is: [1.7051, 2.9586, 0.5854, 1.3935, 4.1377, 3.3701, 0.6149, 1.9374, 3.7645, 1.2881, 3.6152, 1.6721, 3.7286, 3.4898, 5.5913, 4.8522, 5.2744, 2.1681, 5.6174, 3.3000, 4.4430, 3.0897, 3.9192, 3.4186, 4.6238, 0.8381, 3.1980, 3.6221, 0.5864, 2.6275, 5.0490]
For Example 386, The full renyi 0.5 token for desp method is: [2.0817, 3.0674, 0.5964, 0.5777, 1.6777, 5.1625, 0.7545, 4.4677, 3.4092, 3.2234, 0.6610, 2.4637, 3.8789, 0.7641, 0.5641, 2.1958, 3.2666, 4.9343, 0.8578, 0.7411, 3.5349, 5.2496, 4.3352, 3.3328, 4.0333, 3.6332, 5.3475, 4.2883, 5.5726, 3.7946, 5.4507]
For Example 387, The full renyi 0.5 token for desp method is: [1.6730, 2.8604, 0.9881, 2.9672, 3.7814, 2.7118, 1.8031, 4.6960, 3.6620, 4.5594, 0.6241, 3.8224, 3.5537, 2.3256, 4.4280, 3.4234, 2.8134, 2.2616, 4.9866, 0.7991, 3.5427, 4.2258, 3.2235, 2.8235, 2.7745, 3.8796, 4.8088, 0.6207, 3.1825, 3.9960, 4.5731]
For Example 388, The full renyi 0.5 token for desp method is: [1.9663, 2.9381, 2.2565, 4.6323, 2.2870, 2.6031, 0.7173, 4.3963, 3.7404, 4.0776, 5.1779, 0.9521, 4.8617, 0.6886, 5.3328, 1.4950, 1.9161, 3.8678, 2.4631, 4.4627, 3.1718, 3.9788, 4.3539, 0.8762, 3.2441, 5.8814, 2.8857, 4.0972, 3.7033, 1.7681, 0.7004]
For Example 389, The full renyi 0.5 token for desp method is: [1.4281, 2.7056, 2.0923, 3.6608, 0.5986, 0.7930, 0.6271, 3.9588, 3.6153, 0.6171, 1.5987, 0.7523, 3.1565, 2.5712, 5.6404, 3.2884, 2.5061, 2.9527, 4.9633, 0.7194, 3.8643, 2.8547, 4.1144, 3.3870, 4.6247, 3.2833, 4.0465, 0.5791, 0.5633, 4.8321, 4.3272]
For Example 391, The full renyi 0.5 token for desp method is: [1.8052, 3.0436, 0.5782, 1.9920, 4.9289, 4.8621, 3.7661, 3.8057, 4.9193, 5.1996, 4.0034, 0.6184, 3.3073, 2.0602, 3.8467, 3.2912, 3.7220, 4.3176, 4.5772, 5.8118, 0.7049, 4.0575, 1.7279, 2.9365, 2.0807, 0.8499, 2.6839, 2.5216, 5.3095, 4.3733, 4.0694]
For Example 395, The full renyi 0.5 token for desp method is: [1.5427, 2.7203, 1.3346, 4.8846, 3.8581, 3.6944, 5.2501, 4.1102, 3.4469, 3.2045, 1.5346, 3.5602, 4.6639, 0.8917, 3.5702, 3.5910, 3.1710, 3.3470, 5.1834, 0.7163, 4.0193, 3.0393, 3.7731, 0.6754, 2.7259, 3.2338, 4.5175, 4.7238, 1.8708, 2.1514, 2.5052]
For Example 396, The full renyi 0.5 token for desp method is: [2.0699, 2.9251, 0.6057, 0.5850, 1.9072, 4.2114, 3.2747, 2.0861, 3.3837, 3.9249, 4.9437, 3.9600, 2.2926, 4.6214, 4.4762, 3.3906, 2.1820, 3.6476, 3.4817, 3.5170, 3.2879, 3.7288, 5.6615, 0.7035, 3.8408, 1.9455, 2.8022, 1.8232, 1.5196, 2.5436, 2.5141]
For Example 397, The full renyi 0.5 token for desp method is: [2.0077, 2.8024, 1.9142, 4.5778, 2.9193, 1.1836, 4.5588, 5.3128, 5.9730, 3.3316, 5.0232, 3.0663, 2.1606, 3.2535, 2.9207, 4.0093, 0.9518, 3.8272, 5.2367, 3.4562, 3.6849, 4.7577, 3.9983, 5.1934, 4.1404, 4.3809, 2.4777, 5.1561, 5.8678, 0.7543, 3.8641]
For Example 400, The full renyi 0.5 token for desp method is: [1.6968, 2.9325, 0.6031, 0.5915, 1.8201, 3.6838, 3.0632, 1.9460, 3.3404, 3.5908, 3.1461, 3.6340, 0.6186, 2.3245, 1.8598, 0.5779, 3.2555, 3.3897, 3.9402, 3.6517, 4.3486, 0.6621, 2.4027, 3.6235, 1.0281, 0.6309, 4.1912, 3.4968, 4.9982, 4.4376, 2.6462]
For Example 401, The full renyi 0.5 token for desp method is: [2.3563, 3.1404, 1.7353, 2.4996, 5.1239, 5.3155, 4.8001, 5.1699, 5.4985, 1.0025, 4.7782, 0.6225, 3.6712, 0.6269, 3.2356, 1.9414, 2.3244, 1.2862, 1.5373, 3.7963, 3.0883, 3.7074, 3.8576, 0.6411, 3.9126, 5.7316, 0.6558, 4.0196, 0.6293, 2.1540, 3.9818]
For Example 405, The full renyi 0.5 token for desp method is: [2.3288, 3.0581, 2.0675, 4.9169, 2.4715, 3.0554, 0.7163, 4.5430, 3.9424, 3.6646, 3.9665, 5.4663, 2.3735, 5.7304, 4.7405, 5.6298, 2.8372, 5.4160, 2.9748, 3.9913, 1.5716, 4.1796, 6.0127, 2.8277, 4.0394, 3.1713, 4.9043, 4.7819, 5.3611, 2.3829, 4.4663]
For Example 406, The full renyi 0.5 token for desp method is: [1.5067, 3.1861, 0.5941, 0.5860, 2.2548, 4.5315, 3.8418, 2.4605, 3.4529, 3.7189, 4.0731, 0.5774, 4.3533, 3.5462, 3.1863, 2.3778, 3.4492, 2.3705, 2.9489, 2.2779, 5.0556, 3.6364, 3.2996, 4.7862, 4.3802, 5.3544, 0.8489, 3.7925, 4.0962, 3.4077, 2.3746]
For Example 407, The full renyi 0.5 token for desp method is: [1.8294, 3.0275, 2.6151, 5.2723, 0.8578, 1.7265, 3.9512, 4.4412, 4.5334, 4.6985, 4.4294, 3.7998, 0.7450, 0.5828, 0.8125, 1.5514, 5.1508, 3.1499, 2.6988, 3.6235, 3.4647, 3.1805, 3.2597, 6.0348, 3.2839, 3.9589, 4.0698, 2.4876, 2.5210, 2.7378, 5.0657]
For Example 408, The full renyi 0.5 token for desp method is: [1.7823, 2.9864, 0.5894, 0.5849, 1.9361, 4.8721, 0.8470, 2.8110, 3.5602, 2.6046, 3.9386, 5.3395, 2.3742, 0.5897, 4.3714, 4.8949, 3.6658, 4.9922, 0.6012, 3.8236, 2.5633, 5.5894, 0.7733, 2.2840, 4.0094, 3.6842, 1.1599, 4.0251, 4.3522, 4.4576, 3.3934]
For Example 410, The full renyi 0.5 token for desp method is: [1.8567, 3.0086, 2.8384, 5.4131, 3.8415, 5.3584, 4.6968, 5.4492, 4.9562, 3.2354, 5.3208, 4.7023, 3.0984, 4.3370, 4.5623, 4.3789, 5.2107, 3.3865, 2.7866, 0.7540, 3.0277, 4.7523, 3.2285, 4.7358, 2.2171, 3.9089, 2.8267, 2.2088, 3.2710, 0.6095, 1.9124]
For Example 411, The full renyi 0.5 token for desp method is: [1.8189, 3.1223, 0.5821, 2.3293, 4.5741, 1.3706, 2.7445, 3.5839, 4.1574, 2.3650, 4.5053, 3.7916, 2.6910, 1.4773, 1.8340, 3.3759, 1.6294, 2.9680, 0.9567, 2.5748, 2.8867, 3.8364, 4.2655, 1.9178, 1.6516, 2.7668, 3.4823, 5.4608, 3.3589, 3.9101, 1.8985]
For Example 414, The full renyi 0.5 token for desp method is: [2.1791, 2.8829, 1.1970, 4.8074, 3.4631, 0.6397, 0.6815, 4.3423, 3.8482, 6.2720, 1.3331, 4.7801, 1.8397, 3.7091, 4.9103, 5.4922, 2.6345, 1.9670, 2.1051, 1.3737, 4.2964, 0.6375, 0.7729, 2.1578, 3.5618, 4.9097, 0.7592, 0.7897, 4.1083, 4.7295, 2.8510]
For Example 416, The full renyi 0.5 token for desp method is: [2.2454, 3.1219, 1.3192, 4.9591, 0.9406, 4.4419, 2.0622, 4.0994, 4.2226, 5.3251, 1.1695, 2.1486, 4.4499, 0.8876, 4.0461, 0.6899, 2.9992, 3.8987, 4.0046, 3.5509, 5.1750, 3.4674, 5.1477, 1.3059, 3.7027, 4.3902, 1.1632, 2.7122, 2.0958, 2.6145, 0.6790]
For Example 418, The full renyi 0.5 token for desp method is: [1.8026, 3.0061, 1.7658, 4.9307, 2.9525, 0.9336, 3.6179, 3.7500, 4.5159, 1.0181, 4.4350, 1.2618, 1.6009, 3.3667, 2.4688, 4.9005, 3.2556, 3.3776, 4.0905, 0.7689, 2.8110, 5.4863, 4.3817, 4.2550, 3.5777, 1.4250, 3.0388, 4.6803, 0.6432, 0.7153, 0.8988]
For Example 425, The full renyi 0.5 token for desp method is: [1.9283, 3.0459, 0.6069, 0.5881, 2.0611, 4.2023, 3.3622, 1.9762, 3.4642, 3.9669, 5.1923, 1.4767, 4.8628, 3.6347, 2.4372, 3.4843, 3.8008, 3.8061, 3.4794, 3.4788, 5.4923, 0.6946, 4.0009, 2.2838, 3.1824, 1.9506, 1.6906, 2.7255, 2.6490, 5.0269, 0.8110]
For Example 426, The full renyi 0.5 token for desp method is: [1.6373, 2.8405, 1.6573, 3.7565, 0.9850, 4.6077, 1.6674, 4.0527, 3.5805, 3.2640, 4.3142, 3.8998, 5.1622, 0.7277, 3.2328, 1.6093, 3.4868, 3.2958, 3.1132, 1.0981, 4.4161, 1.4770, 0.6081, 3.1680, 1.8181, 2.3277, 3.5837, 3.7524, 3.0761, 3.5407, 2.2789]
For Example 428, The full renyi 0.5 token for desp method is: [1.7576, 3.3597, 1.4098, 4.4236, 2.9731, 4.5169, 4.6970, 3.1837, 3.4842, 2.7594, 4.8461, 3.2892, 1.8640, 3.8002, 3.4314, 4.5341, 4.1960, 4.4958, 0.6232, 3.1168, 3.6153, 4.1008, 3.4460, 5.4339, 3.9289, 2.9429, 2.9928, 2.2323, 1.4929, 3.5676, 3.5665]
For Example 429, The full renyi 0.5 token for desp method is: [1.4285, 2.7138, 1.6320, 4.1933, 0.7115, 1.0446, 4.0212, 3.3468, 4.9008, 3.8337, 4.5902, 1.1981, 1.4968, 3.5974, 4.7292, 0.7093, 1.5590, 4.0626, 5.1616, 0.8698, 4.9640, 0.6470, 2.5294, 3.0789, 3.8294, 1.2408, 4.4425, 4.7726, 1.1077, 4.0636, 4.8690]
For Example 431, The full renyi 0.5 token for desp method is: [1.9348, 3.0744, 0.5897, 0.5718, 1.3015, 5.0427, 4.3416, 0.7692, 4.1867, 4.7076, 5.3104, 4.3421, 0.7638, 0.6728, 3.9651, 3.5261, 0.6452, 2.0889, 4.8275, 0.5774, 0.5888, 3.4917, 3.2626, 4.6803, 0.9148, 0.8757, 4.1863, 5.2473, 0.6758, 3.9361, 1.1657]
For Example 432, The full renyi 0.5 token for desp method is: [1.4214, 2.9361, 1.7900, 4.2455, 0.6876, 3.9735, 0.8329, 3.8353, 1.6187, 3.9216, 1.7406, 2.6857, 3.5775, 5.1391, 4.2274, 4.7876, 1.1480, 4.8978, 4.0226, 3.0723, 4.0946, 0.6387, 2.8124, 3.2091, 1.2278, 3.9987, 1.9318, 0.6078, 2.6134, 2.0164, 0.6731]
For Example 435, The full renyi 0.5 token for desp method is: [1.6122, 2.9885, 0.6031, 0.5905, 2.1147, 4.7015, 0.9249, 4.5401, 4.5071, 4.2879, 1.7294, 3.4854, 2.2224, 2.8139, 3.7476, 5.1580, 4.5672, 4.9771, 5.2883, 0.9158, 2.7610, 3.9733, 3.4410, 4.7052, 3.3917, 4.4215, 2.8691, 0.8981, 2.6207, 2.2318, 4.2437]
For Example 439, The full renyi 0.5 token for desp method is: [1.5293, 2.9808, 1.3640, 4.3187, 3.6151, 0.6909, 2.2606, 3.6686, 1.9787, 0.7611, 3.1795, 0.5693, 3.3524, 4.7780, 2.8382, 1.7986, 4.2161, 4.2654, 4.5906, 0.6081, 2.9989, 2.8879, 2.0774, 2.5363, 5.1761, 1.6405, 4.8852, 0.6556, 4.4826, 5.0720, 4.5488]
For Example 440, The full renyi 0.5 token for desp method is: [1.8984, 2.8315, 3.0113, 5.1099, 3.2443, 0.6092, 4.6058, 0.5932, 3.2662, 1.8390, 2.1576, 1.1144, 1.5014, 3.2978, 3.2868, 5.2683, 3.9697, 4.2256, 4.7504, 3.1561, 0.6025, 1.7777, 3.1489, 3.0232, 2.7357, 1.0141, 2.0330, 2.7346, 5.3230, 0.6215, 2.5769]
For Example 441, The full renyi 0.5 token for desp method is: [1.8237, 2.8726, 1.2395, 5.3860, 0.9113, 3.7074, 3.4527, 5.4520, 3.0804, 0.6683, 0.6263, 4.0117, 3.4813, 4.7768, 0.6562, 0.5675, 4.3069, 3.6281, 5.0668, 2.9080, 3.9997, 3.6272, 2.0776, 3.9813, 3.6727, 1.8588, 0.7196, 1.3917, 3.1587, 0.7463, 0.6274]
For Example 444, The full renyi 0.5 token for desp method is: [1.8621, 2.8576, 1.5068, 4.6100, 3.6785, 4.3732, 0.6585, 2.8118, 3.5512, 3.3798, 3.8768, 5.0868, 0.9627, 4.8953, 5.2679, 5.0863, 3.4911, 4.3202, 3.8299, 4.1725, 5.4255, 0.6468, 3.9886, 2.0388, 2.9923, 1.8183, 1.8199, 2.8475, 2.4588, 5.0372, 5.0709]
For Example 447, The full renyi 0.5 token for desp method is: [2.2773, 3.3140, 2.5308, 5.6306, 5.2706, 5.8037, 1.4828, 5.6246, 3.8396, 1.3041, 5.4398, 1.4247, 5.1084, 4.6930, 4.6060, 4.0887, 6.1655, 1.0780, 0.7926, 0.6074, 3.3343, 5.3648, 6.4002, 0.7378, 3.7127, 4.8990, 3.1756, 2.4522, 3.2703, 0.9910, 2.7104]
For Example 449, The full renyi 0.5 token for desp method is: [1.7310, 2.7490, 1.0956, 3.7419, 3.2657, 0.7402, 2.8731, 4.1793, 0.7601, 1.7393, 2.9670, 4.9222, 0.8883, 2.7546, 4.9496, 3.6603, 2.4005, 4.2196, 1.9197, 2.9670, 2.4324, 2.5287, 3.5562, 3.2820, 5.2450, 4.6470, 3.0299, 4.0171, 4.3804, 5.3462, 3.8466]
For Example 454, The full renyi 0.5 token for desp method is: [1.9079, 2.6716, 1.7418, 5.2808, 5.0460, 4.5431, 3.3875, 5.0671, 1.5467, 3.7510, 0.5720, 2.6542, 2.2603, 4.2343, 0.8345, 3.5369, 3.2579, 4.8951, 1.7080, 3.8115, 5.9757, 0.6741, 4.6340, 2.7736, 3.4001, 1.7912, 0.9737, 2.5096, 2.3013, 4.5591, 4.6512]
For Example 456, The full renyi 0.5 token for desp method is: [1.5509, 2.4694, 1.2004, 5.1762, 4.6754, 3.2931, 0.8713, 2.8958, 1.8662, 4.4952, 2.4050, 3.7451, 5.2949, 5.2804, 2.2459, 3.3796, 3.3692, 3.0649, 3.6249, 3.6531, 5.7017, 0.6835, 4.0912, 2.0332, 3.0170, 1.5573, 0.8814, 2.9503, 2.2655, 4.8645, 4.2956]
For Example 457, The full renyi 0.5 token for desp method is: [2.1783, 3.0397, 2.4395, 5.4436, 0.6581, 3.3321, 0.6122, 0.7401, 4.4752, 4.0027, 2.8514, 5.5343, 0.8906, 0.8516, 3.3526, 1.8310, 4.8138, 3.4900, 5.5638, 5.5331, 3.8201, 5.1301, 3.7639, 2.4091, 3.6165, 3.9446, 4.0580, 5.1327, 1.2470, 4.7740, 4.8305]
For Example 458, The full renyi 0.5 token for desp method is: [1.5219, 3.0164, 0.5875, 0.5845, 2.0972, 4.6360, 1.0820, 3.0009, 3.1116, 1.7215, 1.3303, 4.1163, 3.4321, 4.7073, 3.9423, 4.7525, 5.2399, 2.6240, 3.4307, 2.6886, 5.2122, 4.0086, 2.9069, 2.1213, 2.5583, 2.6160, 2.9378, 3.1944, 5.2839, 0.6205, 3.1320]
For Example 460, The full renyi 0.5 token for desp method is: [1.7934, 3.1228, 0.9856, 3.2600, 4.0820, 3.4395, 2.0544, 4.7584, 0.7093, 4.2198, 5.4944, 2.2227, 4.1761, 0.8995, 4.3275, 2.7919, 2.9435, 4.8758, 0.7028, 3.7787, 4.3996, 3.7638, 0.6180, 1.8832, 2.9530, 4.9299, 0.7596, 2.5838, 4.7169, 4.4810, 2.9871]
For Example 463, The full renyi 0.5 token for desp method is: [1.8767, 2.8928, 2.1442, 4.7155, 3.8456, 2.2510, 4.0576, 3.7769, 4.3421, 5.3433, 0.7305, 3.5684, 0.6795, 0.5767, 1.0814, 3.8380, 1.0030, 2.2876, 2.3862, 2.0174, 2.0423, 1.7955, 3.3110, 0.9800, 3.5666, 2.4864, 4.0445, 1.4707, 2.8452, 4.5432, 2.9071]
For Example 465, The full renyi 0.5 token for desp method is: [1.9317, 3.2389, 1.0626, 3.7397, 3.1056, 3.1113, 2.1006, 4.3312, 3.6153, 4.2272, 5.6467, 4.9747, 4.4591, 1.7350, 3.5233, 4.8088, 5.1776, 5.9779, 3.5230, 4.3417, 5.5348, 1.9709, 2.0210, 2.1814, 2.6475, 2.3767, 4.7594, 0.6777, 3.3946, 1.3476, 3.2585]
For Example 466, The full renyi 0.5 token for desp method is: [1.7303, 3.0270, 2.3170, 4.6774, 3.5977, 2.3897, 3.6571, 4.9705, 0.8113, 3.1408, 3.4329, 2.9694, 3.0089, 4.1204, 2.9364, 0.6059, 3.7329, 3.7965, 4.5815, 3.4663, 3.4670, 1.0157, 3.7249, 3.2898, 3.8777, 2.1540, 2.8007, 4.6435, 3.2347, 4.4226, 0.9407]
For Example 467, The full renyi 0.5 token for desp method is: [1.6424, 3.0048, 1.6323, 4.1858, 3.7863, 3.9987, 0.7364, 2.5040, 2.5270, 3.6498, 0.8667, 4.1024, 4.2109, 0.6175, 0.7416, 4.2265, 3.7246, 0.6671, 3.3387, 2.7121, 3.6028, 2.1291, 3.2482, 1.1164, 3.8973, 0.6231, 3.2366, 1.3649, 2.4072, 2.5525, 3.3656]
For Example 469, The full renyi 0.5 token for desp method is: [1.6705, 2.9252, 1.3200, 4.5952, 0.6694, 0.5787, 3.4156, 3.6584, 2.3400, 4.3593, 2.2647, 3.2236, 3.7730, 5.0865, 5.6917, 3.8526, 0.9399, 2.0615, 1.8321, 2.5661, 4.1002, 0.6311, 0.5642, 3.4878, 5.2977, 0.6999, 4.0371, 0.7425, 2.6971, 1.6350, 0.7168]
For Example 470, The full renyi 0.5 token for desp method is: [1.7232, 2.8989, 2.1163, 5.0009, 3.4830, 0.5873, 4.2970, 0.7292, 3.3809, 1.7444, 4.6494, 3.6693, 5.2068, 4.0993, 3.0412, 4.8476, 1.1704, 3.1017, 3.3647, 3.0419, 3.7832, 1.3713, 4.0070, 0.6836, 3.1730, 2.5246, 4.0696, 3.0116, 2.2365, 2.8710, 2.3482]
For Example 472, The full renyi 0.5 token for desp method is: [1.4139, 2.8053, 1.7181, 3.6341, 3.6509, 3.3233, 2.9826, 4.1793, 2.7994, 4.0417, 3.8198, 3.7737, 4.9457, 4.3994, 3.5658, 3.4642, 0.6673, 0.6625, 3.8976, 2.5567, 2.6774, 5.1993, 4.4884, 0.9849, 2.1040, 2.5385, 2.2662, 3.7171, 2.8382, 4.4278, 0.6125]
For Example 473, The full renyi 0.5 token for desp method is: [1.8900, 2.9753, 2.2188, 5.5227, 4.6644, 1.6798, 3.8222, 3.8046, 2.2995, 1.6191, 3.8749, 3.4106, 5.7261, 4.5106, 5.0850, 5.6842, 3.6567, 4.1719, 3.3292, 4.7292, 1.7498, 3.9035, 6.0408, 0.7591, 4.7145, 2.3416, 3.5826, 1.9828, 1.2205, 2.9863, 2.5182]
For Example 478, The full renyi 0.5 token for desp method is: [2.0056, 2.6890, 1.4078, 4.7302, 1.2791, 2.8518, 0.5879, 3.6787, 1.9551, 0.6970, 2.0749, 4.8609, 0.6357, 3.6236, 3.6401, 5.1262, 3.5093, 5.0597, 4.2479, 1.9649, 2.8882, 3.9804, 1.2360, 3.5032, 5.1656, 0.6307, 4.5572, 1.1066, 2.4046, 5.2291, 3.2549]
For Example 483, The full renyi 0.5 token for desp method is: [1.5570, 2.8786, 2.3148, 3.3026, 0.6175, 0.7595, 0.6269, 3.5099, 2.3100, 4.1429, 1.8591, 3.4663, 3.8656, 4.6073, 3.7433, 0.6348, 2.2637, 0.7512, 3.5591, 2.6194, 2.7003, 0.5720, 0.5599, 2.5141, 4.8678, 0.6960, 3.6853, 1.1119, 1.1656, 3.3656, 2.1051]
For Example 485, The full renyi 0.5 token for desp method is: [1.4282, 2.8010, 1.1750, 4.2269, 2.6477, 3.7612, 2.9565, 1.7832, 3.4512, 3.6599, 5.2639, 0.9467, 1.9271, 4.4192, 3.2178, 3.4774, 2.3151, 3.7459, 3.1048, 4.8233, 0.7132, 4.0979, 2.6093, 4.2048, 4.1038, 0.6179, 1.3824, 2.2947, 2.1671, 5.1219, 1.0599]
For Example 487, The full renyi 0.5 token for desp method is: [1.7369, 2.5960, 1.1390, 4.7322, 3.0328, 3.7056, 3.2373, 2.2265, 2.9885, 3.4972, 5.0805, 0.7034, 4.0555, 3.0617, 4.5277, 1.1292, 3.5603, 3.8994, 3.2724, 3.3317, 5.0079, 0.6907, 3.9775, 3.3627, 5.9499, 3.6020, 4.8576, 3.5003, 5.0581, 4.2923, 2.0508]
For Example 488, The full renyi 0.5 token for desp method is: [1.4659, 2.8569, 2.2146, 3.4396, 0.6240, 0.7381, 0.6274, 3.2311, 3.4489, 2.2524, 3.8675, 1.9280, 3.3756, 3.7747, 5.1791, 0.8662, 4.7009, 3.2359, 5.4616, 0.9970, 3.1925, 2.6948, 2.4543, 0.5671, 0.5611, 2.1264, 4.1090, 0.6525, 3.2972, 1.0125, 1.1132]
For Example 490, The full renyi 0.5 token for desp method is: [2.1773, 2.6258, 1.7986, 5.2023, 4.3380, 1.6228, 5.4251, 0.9279, 0.6202, 5.4422, 4.4017, 4.8474, 5.4408, 0.9520, 2.1002, 5.0555, 1.9789, 3.5932, 1.7799, 2.6213, 4.6765, 2.5692, 1.6102, 3.5765, 3.2484, 3.7513, 4.4728, 4.3634, 5.7638, 0.6996, 4.0468]
For Example 491, The full renyi 0.5 token for desp method is: [2.0138, 3.0655, 0.6034, 0.5832, 2.0897, 5.0133, 0.7099, 3.1805, 3.9672, 4.2092, 4.8145, 2.3246, 1.1062, 4.3258, 0.7919, 0.6775, 3.5156, 3.1139, 2.1786, 3.6441, 2.8077, 4.2437, 4.5811, 4.0409, 5.1858, 1.4578, 1.1501, 4.6252, 3.0666, 4.6054, 2.3768]
For Example 494, The full renyi 0.5 token for desp method is: [2.1300, 3.1763, 1.4783, 5.2736, 4.1441, 0.7055, 3.7012, 3.1399, 5.2285, 3.2656, 0.6537, 0.6762, 4.9878, 3.8571, 3.2838, 5.6183, 4.1044, 3.0774, 3.3490, 4.3700, 0.7826, 0.7330, 4.3723, 5.8509, 0.6805, 4.3235, 2.5745, 3.9951, 1.8023, 1.5553, 3.9917]
For Example 495, The full renyi 0.5 token for desp method is: [2.0840, 3.2986, 2.7734, 4.3419, 1.1571, 4.2684, 4.8983, 3.4670, 2.2716, 3.5816, 0.5805, 2.6828, 3.6639, 0.5938, 2.5924, 4.2844, 3.6513, 1.0761, 0.7022, 3.5347, 3.7122, 0.8064, 3.6926, 5.9392, 4.0467, 3.3521, 2.8544, 2.4564, 1.5244, 5.9955, 1.2727]
For Example 496, The full renyi 0.5 token for desp method is: [1.6007, 2.8913, 1.5765, 4.5531, 0.6481, 0.5783, 3.5146, 3.6828, 2.5054, 4.2080, 2.0913, 3.3279, 3.7516, 4.5101, 3.3650, 1.1267, 2.1942, 1.8602, 2.5576, 3.5414, 0.6062, 0.5636, 3.2927, 5.1325, 0.6906, 4.0471, 0.7490, 2.5300, 1.9695, 1.1782, 0.6845]
For Example 500, The full renyi 0.5 token for desp method is: [1.8505, 2.8242, 1.9567, 5.2438, 2.1241, 3.0435, 3.2525, 5.4139, 5.2279, 4.6167, 0.6119, 3.5698, 1.7511, 2.6234, 3.2917, 1.2465, 1.7052, 3.1356, 4.1028, 3.5479, 4.0293, 5.9177, 1.2623, 0.5930, 1.6000, 5.1745, 6.1181, 3.9406, 5.8084, 6.0204, 5.0615]
For Example 503, The full renyi 0.5 token for desp method is: [1.7088, 2.8321, 1.4207, 5.1216, 3.1876, 3.5501, 0.9611, 3.2691, 2.3421, 4.4767, 2.7294, 3.8755, 5.7775, 5.7746, 6.2293, 3.9413, 2.8028, 3.5289, 3.4289, 5.6690, 4.8041, 3.1955, 5.1322, 4.7308, 5.5757, 4.8626, 4.1662, 3.6135, 4.7820, 3.6723, 2.3430]
For Example 504, The full renyi 0.5 token for desp method is: [2.0024, 2.8132, 1.3225, 4.3960, 3.8366, 4.1748, 0.5939, 1.1565, 1.5312, 1.9500, 1.7613, 1.7302, 3.0775, 2.1947, 3.0587, 4.2126, 0.5737, 1.5576, 3.8003, 0.7423, 0.7538, 2.8053, 5.2600, 4.7300, 2.8519, 3.2356, 4.0803, 3.5536, 4.0014, 2.2493, 5.9947]
For Example 505, The full renyi 0.5 token for desp method is: [1.5232, 2.8863, 2.4485, 3.4361, 0.6170, 0.6716, 0.6083, 3.5240, 4.0883, 3.2988, 2.4752, 5.1570, 0.8070, 3.9473, 3.9650, 4.7516, 4.0041, 5.1360, 3.5714, 1.1758, 2.6405, 2.7612, 2.9144, 5.1295, 0.6780, 4.0138, 1.4778, 2.6344, 0.7849, 2.6578, 4.9456]
For Example 506, The full renyi 0.5 token for desp method is: [1.8097, 2.8212, 1.0083, 4.3678, 1.2078, 0.7536, 2.9018, 4.6344, 3.4578, 3.2582, 3.9450, 2.4083, 2.0228, 0.6243, 3.5565, 3.6345, 5.4581, 4.3995, 2.7150, 4.4730, 1.1542, 4.3535, 0.9527, 3.2402, 2.0857, 2.9318, 2.5119, 4.3661, 3.2130, 3.6275, 2.1654]
For Example 507, The full renyi 0.5 token for desp method is: [1.7900, 2.7890, 1.3784, 4.7291, 4.4136, 4.4149, 3.5273, 1.6652, 5.0384, 1.4001, 4.2281, 1.9892, 3.0776, 1.7079, 1.1142, 3.5739, 1.6644, 2.7087, 2.7718, 4.1682, 3.2336, 3.7519, 1.9384, 5.8104, 0.5992, 2.2701, 4.3470, 4.2284, 2.0489, 4.4868, 2.7111]
For Example 508, The full renyi 0.5 token for desp method is: [1.7561, 2.7256, 1.0842, 5.2477, 0.6127, 2.8512, 0.5885, 4.6194, 4.2869, 5.7763, 4.4666, 4.9077, 1.7588, 2.9364, 1.6842, 2.4741, 5.8085, 5.1847, 0.6713, 3.2735, 5.5040, 2.7433, 2.2309, 0.5936, 3.2988, 0.7752, 1.5613, 3.2603, 4.4131, 0.6768, 4.2098]
For Example 512, The full renyi 0.5 token for desp method is: [1.9510, 2.8445, 1.9336, 5.6752, 5.0466, 5.4947, 4.4566, 3.5109, 0.6001, 1.3195, 4.9146, 1.6288, 4.4383, 1.9193, 3.2393, 5.1668, 2.9522, 1.8755, 0.7583, 3.2348, 2.8547, 3.6220, 4.0679, 1.2808, 4.1997, 0.6833, 3.3634, 2.3866, 3.8625, 1.9987, 2.2473]
For Example 513, The full renyi 0.5 token for desp method is: [1.9093, 2.9411, 0.6036, 0.5866, 1.8930, 3.9621, 3.2336, 2.0364, 3.5404, 3.8841, 5.3627, 4.7253, 3.6856, 4.6752, 3.2587, 2.1281, 3.4286, 3.5484, 4.9980, 0.8104, 4.2658, 3.9188, 3.1802, 0.9341, 3.8102, 4.1137, 4.6732, 4.5782, 3.4956, 5.0667, 0.6394]
For Example 518, The full renyi 0.5 token for desp method is: [1.9038, 2.6495, 1.4659, 4.3289, 3.7658, 1.6084, 3.8342, 1.3317, 3.1272, 0.5884, 3.4905, 2.9703, 4.0720, 3.2949, 5.1623, 3.1340, 2.5611, 0.5687, 0.5864, 5.3364, 2.8665, 3.3992, 3.1947, 4.0673, 1.2917, 3.7475, 5.0306, 0.6379, 4.1310, 3.2744, 4.0448]
For Example 519, The full renyi 0.5 token for desp method is: [1.9876, 2.6352, 1.7037, 4.6941, 4.3831, 4.0145, 2.2872, 4.4277, 4.5717, 4.6608, 2.9257, 3.8623, 3.5020, 3.5264, 5.5127, 5.2431, 6.5734, 5.4203, 4.2248, 3.6844, 4.1207, 4.4592, 5.6147, 0.7123, 4.3348, 3.1440, 0.8757, 2.9612, 5.5447, 3.3129, 4.7797]
For Example 522, The full renyi 0.5 token for desp method is: [1.8467, 2.5890, 1.4883, 5.1328, 0.7252, 3.7791, 1.0295, 3.1610, 0.5896, 3.3175, 1.8677, 3.7993, 0.6113, 1.9202, 3.5200, 5.0385, 0.8597, 3.5544, 2.8426, 2.5156, 3.7311, 3.7902, 0.9380, 3.6587, 5.0637, 0.6419, 4.0643, 2.3212, 3.4220, 2.2349, 1.4440]
For Example 523, The full renyi 0.5 token for desp method is: [2.0737, 3.2343, 0.5997, 0.5765, 1.3270, 4.9568, 4.3492, 0.6599, 4.1367, 4.7536, 5.0950, 1.0148, 0.6816, 4.1470, 3.5529, 0.6346, 2.6033, 4.8533, 3.4076, 3.7599, 4.4449, 0.8113, 0.7891, 4.1732, 5.3501, 0.7094, 4.1037, 3.3653, 5.4915, 4.2877, 4.3791]
For Example 524, The full renyi 0.5 token for desp method is: [2.0027, 2.9492, 1.5766, 5.6132, 5.0826, 3.8568, 3.4881, 4.2147, 2.1268, 3.6734, 3.7627, 4.3967, 0.6532, 0.5969, 2.7288, 5.6455, 0.7440, 4.1618, 5.2031, 4.2975, 5.3755, 4.5820, 3.1942, 3.2997, 4.6172, 4.2318, 5.2325, 0.6498, 4.6652, 2.6911, 3.5275]
For Example 526, The full renyi 0.5 token for desp method is: [1.5269, 2.8502, 1.3888, 3.8929, 2.3822, 4.4116, 2.4718, 1.1898, 2.8273, 0.6456, 0.8148, 3.8359, 5.3574, 2.1672, 4.0316, 4.7252, 0.6967, 3.6350, 4.4602, 3.7556, 2.7677, 3.5265, 3.4208, 5.5654, 1.8409, 4.9083, 5.1740, 4.5573, 5.3283, 3.4534, 5.0598]
For Example 527, The full renyi 0.5 token for desp method is: [1.5983, 2.6098, 2.2473, 4.9661, 0.7607, 3.1156, 0.7121, 1.8098, 0.5606, 4.1905, 4.5583, 4.4082, 2.9576, 3.4060, 4.8102, 5.1463, 2.8831, 3.8622, 0.9790, 3.3851, 2.8301, 4.1191, 4.1023, 0.7527, 2.8555, 4.1065, 2.4449, 2.5091, 2.9348, 4.3251, 3.5072]
For Example 528, The full renyi 0.5 token for desp method is: [1.8782, 2.9989, 2.2516, 5.0255, 5.4614, 5.4981, 1.1747, 5.8898, 0.7003, 4.2233, 5.5240, 5.2161, 6.0909, 4.4534, 2.6798, 5.2863, 6.2284, 1.0486, 5.0723, 5.8461, 5.4085, 6.7594, 2.3584, 3.4876, 5.7758, 6.7198, 3.6538, 5.5444, 3.3393, 5.4375, 3.5916]
For Example 530, The full renyi 0.5 token for desp method is: [1.7959, 2.9955, 1.2605, 4.9332, 2.7577, 4.6113, 1.1152, 3.5234, 0.6536, 3.3162, 3.6571, 4.8241, 3.6717, 0.6318, 3.1725, 5.3955, 5.3969, 4.2079, 0.6069, 0.5819, 0.6457, 3.7687, 3.4779, 4.6016, 4.1232, 4.9794, 0.6176, 0.9557, 4.0285, 4.4725, 3.8438]
For Example 533, The full renyi 0.5 token for desp method is: [2.0072, 2.9969, 2.7881, 5.3772, 2.5787, 5.1124, 3.2090, 5.0305, 4.4335, 5.1732, 3.4567, 4.5232, 5.6721, 4.2522, 4.2666, 4.2155, 4.3383, 4.5272, 5.6827, 2.2195, 5.6966, 2.4200, 5.1621, 5.0845, 5.5556, 3.3464, 5.3756, 3.9173, 3.3212, 4.2282, 3.2651]
For Example 534, The full renyi 0.5 token for desp method is: [1.7407, 3.0216, 2.1132, 4.8707, 4.0892, 4.2776, 3.3142, 4.0265, 4.2785, 2.1527, 1.7892, 3.5390, 1.4135, 1.9430, 4.8720, 0.6309, 2.1022, 3.0983, 4.1026, 0.6242, 0.6460, 2.8258, 3.2688, 1.5384, 2.6340, 3.1183, 4.7493, 0.8256, 4.7535, 5.3242, 4.8178]
For Example 536, The full renyi 0.5 token for desp method is: [2.0376, 3.1112, 1.2729, 5.0430, 4.3209, 5.6630, 3.4937, 0.6677, 3.9418, 4.2762, 5.0052, 4.2017, 0.7927, 0.7352, 4.2678, 4.0119, 5.1032, 4.7256, 3.9924, 4.0297, 4.3933, 0.7805, 0.7263, 4.0997, 5.3566, 0.7108, 0.5895, 1.3210, 2.1193, 4.5571, 4.1812]
For Example 538, The full renyi 0.5 token for desp method is: [1.9544, 2.7198, 1.2008, 3.9228, 2.1172, 1.6070, 1.6182, 0.5699, 2.6915, 3.8204, 2.4486, 1.6370, 3.9129, 3.7010, 5.2175, 0.8257, 4.4790, 4.9767, 3.4656, 3.4774, 3.8373, 3.6649, 3.8493, 5.5147, 3.0906, 2.2736, 5.0481, 0.8897, 2.0451, 2.4076, 1.3411]
For Example 539, The full renyi 0.5 token for desp method is: [1.9586, 2.8728, 2.1603, 5.1392, 2.7508, 1.4936, 0.5749, 2.0299, 4.6204, 4.0258, 4.2385, 4.7403, 5.1193, 4.8529, 1.7618, 2.1267, 2.4542, 1.8422, 0.9506, 2.9496, 0.7581, 1.0519, 2.2322, 5.3115, 2.4531, 3.3642, 3.8688, 1.6633, 4.1432, 2.8626, 3.4796]
For Example 540, The full renyi 0.5 token for desp method is: [1.5125, 2.7355, 1.6468, 4.5515, 1.0941, 1.2075, 3.0640, 2.7538, 4.7775, 4.0738, 4.6207, 6.1837, 1.0304, 5.8892, 0.8811, 1.9864, 4.7199, 5.2085, 5.8936, 5.0102, 4.0428, 0.5831, 3.7317, 3.9017, 3.9162, 0.8491, 1.0308, 3.1269, 5.3895, 0.7753, 3.2685]
For Example 541, The full renyi 0.5 token for desp method is: [1.6283, 3.0707, 2.7696, 5.4924, 5.0685, 5.9363, 1.1169, 4.8128, 3.8795, 4.4596, 5.8107, 1.1852, 2.6426, 5.2476, 4.4475, 4.7135, 4.9627, 2.1030, 4.8661, 3.0276, 2.1050, 3.3424, 4.4194, 3.6031, 3.3927, 5.5312, 4.2480, 4.0304, 5.9979, 2.0808, 5.0203]
For Example 542, The full renyi 0.5 token for desp method is: [1.6361, 2.6434, 1.0315, 3.6663, 2.5580, 3.6198, 2.5549, 1.7416, 4.1681, 3.2736, 0.5985, 3.8220, 2.9907, 4.7603, 3.4491, 2.3460, 2.8129, 4.4915, 0.6035, 3.8981, 4.8508, 1.0356, 2.9095, 5.0321, 4.3465, 5.4742, 1.5083, 5.2943, 4.3512, 2.2127, 2.8563]
For Example 543, The full renyi 0.5 token for desp method is: [1.9727, 2.7243, 1.3031, 4.5153, 3.3851, 0.9894, 0.5618, 4.2923, 3.5829, 5.0811, 4.9620, 4.4180, 2.6812, 1.8417, 1.4689, 1.4822, 2.2801, 3.0035, 4.7113, 4.3829, 5.9771, 5.2196, 3.1291, 4.5379, 1.7255, 0.5880, 4.7161, 2.8942, 5.3951, 1.2963, 3.9569]
For Example 545, The full renyi 0.5 token for desp method is: [1.6718, 3.0332, 0.6015, 0.5900, 2.7400, 4.9608, 5.2834, 5.1680, 3.5902, 3.7564, 5.0740, 4.3553, 5.3364, 5.7874, 3.5674, 4.3002, 4.0928, 4.0431, 3.0557, 2.8726, 3.3531, 5.4273, 2.2598, 2.5646, 2.6276, 3.0222, 0.6743, 2.0887, 2.6053, 4.7335, 1.1565]
For Example 546, The full renyi 0.5 token for desp method is: [2.0865, 3.0614, 0.6036, 0.5822, 2.1077, 5.1230, 2.6425, 4.3088, 4.8592, 6.1893, 4.0111, 0.9005, 5.1355, 5.9122, 5.0554, 6.1103, 3.9383, 5.3001, 5.1332, 4.5838, 4.3011, 4.7561, 4.1681, 4.9734, 6.1791, 0.7631, 4.6456, 2.9548, 3.9135, 3.1205, 2.3650]
For Example 547, The full renyi 0.5 token for desp method is: [1.6816, 2.8102, 1.7744, 4.7473, 4.9150, 4.9906, 5.1398, 5.7287, 4.3131, 1.9589, 4.5362, 4.6535, 5.1828, 4.1711, 4.1275, 0.7523, 4.0196, 4.3104, 3.7926, 5.3256, 4.6682, 3.7136, 3.9176, 4.3281, 5.5571, 4.4106, 3.7138, 4.9996, 3.8596, 4.9197, 4.1109]
For Example 548, The full renyi 0.5 token for desp method is: [1.6307, 2.8113, 1.3383, 3.8300, 2.8551, 3.8166, 3.3602, 2.3450, 3.9991, 4.1083, 5.3161, 0.7465, 3.3829, 3.9349, 4.1875, 0.5646, 2.6562, 5.6151, 3.1632, 4.9949, 4.4483, 1.0024, 0.6940, 3.6220, 2.9546, 2.9847, 5.2490, 0.7227, 3.7382, 2.8888, 4.8533]
For Example 551, The full renyi 0.5 token for desp method is: [1.4778, 3.0308, 2.1105, 3.2817, 0.7819, 3.3601, 3.6878, 2.0038, 1.9114, 4.0386, 0.6003, 1.2393, 3.5389, 4.5765, 0.6096, 3.7269, 3.1930, 1.9853, 3.4944, 1.0738, 3.8934, 0.6653, 2.5672, 2.9978, 4.0024, 1.8773, 2.5070, 2.7775, 4.2398, 3.2413, 4.1428]
For Example 553, The full renyi 0.5 token for desp method is: [2.0639, 2.9652, 1.9610, 5.4853, 3.4470, 0.5869, 4.5384, 2.0968, 4.6191, 1.3080, 3.8234, 5.5351, 3.8459, 5.2078, 4.7177, 6.1888, 5.6592, 4.6185, 3.3267, 2.4226, 5.1827, 3.1896, 1.4609, 2.9747, 0.6087, 2.8758, 3.3405, 5.3870, 0.6811, 4.0888, 5.0536]
For Example 554, The full renyi 0.5 token for desp method is: [1.6408, 2.8931, 2.3948, 3.9104, 0.6370, 0.8314, 0.6347, 3.3934, 3.6512, 0.6215, 1.5826, 0.7636, 2.8273, 2.3027, 4.7419, 2.0079, 3.5014, 3.3913, 2.7581, 2.9236, 5.0727, 0.7173, 3.9610, 1.8045, 2.9798, 4.7357, 3.2852, 4.5825, 3.5213, 3.9483, 0.5851]
For Example 555, The full renyi 0.5 token for desp method is: [1.9164, 2.9830, 1.6172, 4.4994, 3.4593, 2.5590, 3.6801, 4.4838, 0.6733, 2.6902, 3.3894, 3.2646, 3.7066, 5.5111, 5.1830, 6.2065, 5.5823, 4.1450, 2.7116, 4.8809, 2.9533, 1.9736, 3.7256, 3.5646, 3.7295, 4.2568, 4.5160, 5.6736, 3.8228, 4.3635, 5.4505]
For Example 556, The full renyi 0.5 token for desp method is: [1.9991, 2.8670, 0.6037, 0.5957, 2.7541, 4.5963, 2.3793, 3.6520, 4.2100, 5.5512, 5.3154, 0.7551, 1.2071, 3.4207, 0.6040, 3.7251, 2.5735, 2.6309, 3.2641, 2.0568, 2.2080, 2.9872, 3.2635, 2.7451, 0.5763, 2.2570, 4.7655, 0.6392, 3.3861, 1.0891, 1.7565]
For Example 557, The full renyi 0.5 token for desp method is: [2.0731, 3.1365, 2.7197, 5.2999, 4.9535, 5.1620, 3.5729, 4.5085, 5.0166, 3.3436, 2.3142, 3.5645, 4.4282, 2.7338, 1.6103, 3.2581, 4.5979, 4.0696, 4.2798, 4.5243, 4.0719, 4.3538, 4.8435, 4.6219, 4.8485, 4.9690, 0.6269, 4.4707, 3.2863, 0.7648, 1.2441]
For Example 560, The full renyi 0.5 token for desp method is: [1.7901, 2.9934, 1.8742, 4.8628, 2.8819, 0.9264, 3.5940, 3.3892, 4.5821, 1.0553, 4.4189, 1.2449, 1.6548, 3.2439, 2.2696, 4.8113, 3.1600, 3.1201, 3.8362, 0.7436, 2.7315, 5.4650, 3.0842, 5.8385, 4.9934, 4.3639, 4.3764, 3.6369, 1.4688, 3.3259, 4.7403]
For Example 561, The full renyi 0.5 token for desp method is: [1.7892, 3.0630, 2.2789, 5.0975, 0.7901, 3.7445, 3.7519, 5.1273, 4.5799, 0.9380, 4.5587, 3.5677, 1.0733, 0.7991, 3.0218, 4.3820, 2.0133, 3.3726, 4.4293, 5.5318, 0.8613, 0.7692, 4.3234, 4.3884, 4.6234, 1.7163, 5.0163, 3.8082, 0.6892, 4.3623, 3.4661]
For Example 563, The full renyi 0.5 token for desp method is: [2.0694, 2.9646, 1.9616, 5.1669, 5.0600, 0.8429, 0.6118, 5.2393, 4.3960, 3.1899, 1.9621, 3.6687, 3.2248, 3.8467, 3.8205, 4.9135, 4.0603, 3.4910, 3.9446, 3.6123, 5.6981, 3.7399, 4.4760, 5.7280, 2.3945, 4.0927, 4.8946, 4.4046, 1.7105, 3.9223, 3.2930]
For Example 564, The full renyi 0.5 token for desp method is: [2.7555, 3.1553, 2.4734, 5.5842, 4.7450, 4.5183, 4.7001, 2.0259, 4.3564, 4.1268, 5.0032, 0.6739, 0.6123, 4.3501, 6.3122, 1.8981, 4.6807, 5.6071, 6.3438, 5.1701, 0.6019, 4.6258, 4.1553, 5.2531, 1.0298, 5.1025, 5.1659, 6.3519, 4.2589, 4.1733, 6.1866]
For Example 565, The full renyi 0.5 token for desp method is: [1.4211, 3.1268, 0.5936, 0.5840, 1.9724, 4.0411, 3.9075, 2.7984, 3.5063, 3.7923, 3.9992, 0.5728, 4.2369, 3.4739, 2.7910, 2.0675, 3.6130, 2.4044, 3.2948, 1.1092, 3.7782, 3.5514, 3.6443, 2.3987, 2.9516, 3.1146, 4.7579, 3.4622, 4.1777, 5.3002, 4.0783]
For Example 566, The full renyi 0.5 token for desp method is: [1.7851, 3.0050, 1.2598, 4.7535, 4.3430, 0.7843, 3.7934, 3.7338, 4.5373, 3.3421, 0.6720, 0.6723, 4.1305, 0.6530, 3.7683, 0.6294, 2.0844, 4.6528, 0.7190, 4.1599, 0.6089, 3.0358, 3.1078, 4.0914, 0.6644, 4.2672, 0.6134, 4.2185, 4.3693, 5.8171, 3.6270]
For Example 567, The full renyi 0.5 token for desp method is: [2.3311, 3.5927, 2.9985, 5.8359, 3.3678, 1.2880, 4.9768, 3.6935, 3.2569, 4.8976, 0.8219, 4.6496, 3.6982, 4.4078, 5.8454, 4.1081, 3.2369, 2.7642, 2.3841, 4.8402, 4.5110, 2.6087, 3.9580, 2.0099, 2.1546, 0.8204, 2.7629, 2.5000, 3.3371, 0.9744, 1.3188]
For Example 569, The full renyi 0.5 token for desp method is: [2.0964, 3.1134, 1.8030, 5.5309, 0.5763, 4.9858, 4.6446, 4.5496, 5.9509, 4.6195, 2.1095, 5.1998, 4.3774, 0.6116, 3.9160, 2.7850, 4.5763, 3.6700, 3.6797, 4.0112, 3.8081, 4.9627, 0.6629, 4.3306, 2.7778, 4.5318, 1.7089, 0.8423, 3.0301, 2.4106, 5.1815]
For Example 570, The full renyi 0.5 token for desp method is: [1.8557, 2.7216, 2.2582, 4.3066, 2.5247, 1.7448, 1.8548, 0.5729, 2.8268, 4.2454, 2.7128, 1.7445, 3.5565, 3.4597, 5.2813, 4.6681, 3.8251, 4.6339, 3.4268, 1.4470, 2.6977, 3.2207, 3.7921, 4.5744, 3.5897, 4.5098, 5.7635, 3.4643, 2.1373, 5.1733, 0.9653]
For Example 572, The full renyi 0.5 token for desp method is: [1.8108, 2.6404, 1.2223, 4.7829, 0.7092, 3.6478, 0.8385, 0.5611, 3.9589, 3.1097, 2.4744, 4.5530, 1.6605, 3.7018, 3.4066, 5.3507, 3.3432, 3.4049, 3.8787, 0.9900, 0.5592, 3.5004, 5.5264, 3.9481, 2.9753, 0.9012, 3.6114, 5.4777, 3.5233, 4.9388, 4.4992]
For Example 576, The full renyi 0.5 token for desp method is: [2.5870, 2.9857, 2.5038, 5.6286, 5.6697, 4.2373, 4.4303, 6.0916, 4.7742, 5.0926, 2.5395, 4.3103, 4.4753, 5.4788, 5.2451, 0.9275, 4.5598, 3.8776, 3.5986, 5.2334, 0.6060, 3.4979, 4.5249, 5.2959, 4.9532, 5.8322, 0.7185, 4.3464, 3.4436, 5.3443, 1.9740]
For Example 577, The full renyi 0.5 token for desp method is: [1.9873, 3.1860, 1.6304, 5.5012, 0.9938, 3.0789, 4.7900, 2.2036, 4.5191, 4.3987, 5.3685, 4.2863, 5.4694, 0.6371, 4.2359, 3.9717, 2.4403, 4.0217, 3.6763, 1.2775, 3.2992, 3.0302, 3.4586, 4.6410, 0.6005, 3.9763, 5.6792, 0.7168, 4.7215, 3.1237, 4.6546]
For Example 578, The full renyi 0.5 token for desp method is: [2.3861, 3.0873, 1.8386, 5.2660, 3.5853, 0.9357, 0.5608, 4.2721, 3.2881, 2.0590, 2.6114, 1.6322, 1.6928, 4.0216, 3.2370, 5.0112, 3.5462, 5.4754, 4.9732, 0.6384, 4.0711, 0.6468, 3.7186, 2.3931, 3.2964, 4.4714, 0.6347, 3.9800, 5.4015, 0.6931, 4.4696]
For Example 579, The full renyi 0.5 token for desp method is: [1.6896, 2.9927, 1.2760, 4.1198, 3.6123, 0.7525, 2.2629, 4.0800, 3.6503, 0.6144, 3.1468, 4.3525, 0.6215, 3.5009, 4.5555, 2.9110, 2.0406, 4.6592, 4.6433, 5.0267, 0.6263, 3.1785, 3.0671, 2.1318, 2.6654, 5.3169, 2.8743, 4.8639, 1.0334, 4.8895, 3.1741]
For Example 582, The full renyi 0.5 token for desp method is: [1.7981, 3.0359, 1.2843, 5.2178, 4.4134, 6.0107, 1.4046, 3.5113, 0.6144, 3.9003, 4.0887, 5.2480, 5.8268, 2.1638, 0.6869, 2.1078, 4.5129, 4.2987, 3.8633, 5.7701, 6.0480, 2.3584, 4.4304, 3.3452, 0.5753, 3.4683, 4.1047, 4.4198, 4.0574, 6.0182, 1.0087]
For Example 585, The full renyi 0.5 token for desp method is: [1.8513, 3.0857, 1.5164, 5.3618, 3.4705, 0.6686, 0.7038, 4.6280, 3.4199, 3.0874, 4.8329, 3.8822, 3.7025, 5.6266, 4.9105, 6.5576, 5.8570, 5.4420, 3.9417, 0.6417, 1.2239, 2.2908, 3.7869, 4.8843, 0.7692, 0.7351, 4.5737, 5.7903, 0.6854, 4.5353, 2.5490]
For Example 586, The full renyi 0.5 token for desp method is: [1.8676, 3.1740, 2.3481, 5.6846, 1.9813, 4.1857, 3.8490, 5.7975, 5.3247, 0.5813, 0.5954, 4.7657, 3.9999, 5.5242, 1.4065, 5.7155, 0.7256, 4.8265, 3.3411, 4.3862, 0.5823, 0.5769, 3.9314, 5.8029, 3.9429, 2.3790, 3.9761, 2.0301, 1.3494, 3.2586, 2.4479]
For Example 588, The full renyi 0.5 token for desp method is: [1.9697, 3.1171, 0.5994, 0.5748, 1.2716, 4.8059, 4.3230, 5.6155, 3.5445, 0.6633, 4.0190, 4.4979, 5.0502, 3.7406, 0.6954, 0.6851, 3.8924, 3.9709, 5.0267, 4.3849, 3.9558, 4.2099, 0.8768, 0.7658, 3.3125, 3.8017, 3.1336, 0.9582, 1.3092, 1.3449, 1.5765]
For Example 589, The full renyi 0.5 token for desp method is: [1.7595, 2.8285, 2.2404, 5.0620, 2.5789, 3.4487, 3.2338, 3.4921, 3.9857, 1.2488, 0.5766, 3.7290, 0.5698, 3.3621, 2.3919, 1.6483, 3.4688, 1.3932, 3.8062, 4.3842, 2.1038, 0.5955, 4.1443, 3.1410, 2.4334, 3.9783, 2.5387, 5.1065, 4.4790, 5.4956, 5.3094]
For Example 590, The full renyi 0.5 token for desp method is: [1.5348, 2.8569, 2.1281, 3.6695, 0.6070, 0.7374, 0.6243, 3.4757, 3.5117, 1.7179, 1.2896, 0.7191, 2.5393, 2.0303, 4.0391, 1.9772, 3.3067, 3.1945, 2.7029, 3.1569, 5.3598, 0.7288, 4.4613, 3.1735, 5.1952, 3.7461, 3.3985, 4.4900, 4.8194, 3.0860, 4.7623]
For Example 591, The full renyi 0.5 token for desp method is: [1.5557, 2.8362, 2.4172, 5.2594, 2.6442, 0.7277, 4.8372, 3.4836, 2.5355, 4.5174, 4.2555, 5.6011, 5.7009, 3.9645, 5.6631, 4.0231, 3.3210, 2.8518, 2.8905, 5.6327, 2.3602, 0.7929, 3.4389, 5.3017, 5.1261, 0.7282, 1.0485, 3.0351, 5.4192, 2.9560, 5.2382]
For Example 592, The full renyi 0.5 token for desp method is: [1.9280, 3.1684, 2.1736, 4.6829, 3.1757, 2.2465, 3.9414, 5.1463, 3.6768, 0.8550, 2.9229, 0.6027, 3.8749, 4.9673, 3.3636, 2.0683, 4.2065, 0.6620, 4.3249, 4.5788, 1.5343, 4.1322, 3.0750, 3.2963, 3.5768, 3.2708, 3.1180, 2.0827, 5.9950, 0.6273, 3.0445]
For Example 593, The full renyi 0.5 token for desp method is: [1.9802, 2.7373, 1.2996, 4.1303, 3.3218, 2.4139, 0.9488, 3.6705, 2.3343, 1.6717, 4.5290, 3.6838, 5.2078, 5.0953, 6.0781, 4.7604, 4.1849, 3.5387, 2.9735, 2.4247, 3.1639, 4.1507, 4.0124, 4.2281, 5.9165, 0.6971, 4.3054, 2.2426, 3.1421, 1.7879, 1.3460]
For Example 595, The full renyi 0.5 token for desp method is: [1.7039, 2.8551, 1.4408, 4.7278, 4.1805, 4.0004, 5.2153, 0.9286, 0.6677, 3.8095, 0.5831, 3.9711, 3.4176, 5.0923, 0.8330, 2.3135, 2.7835, 4.6226, 3.8115, 3.5515, 3.9914, 3.9277, 4.4890, 0.6168, 1.1020, 3.9638, 3.9267, 3.3045, 4.3439, 1.4346, 0.5808]
For Example 596, The full renyi 0.5 token for desp method is: [2.0922, 2.9495, 1.7536, 5.2262, 4.6957, 3.5220, 5.1193, 0.6214, 2.0261, 4.4466, 3.7298, 2.5213, 1.7541, 3.8376, 3.3001, 3.1917, 4.8383, 4.3282, 6.2535, 5.2169, 4.6907, 5.0514, 5.5167, 3.5376, 3.5969, 5.1007, 1.0186, 0.5834, 2.9049, 5.2215, 0.8366]
For Example 597, The full renyi 0.5 token for desp method is: [2.0976, 2.9823, 0.5887, 1.9123, 4.4813, 3.6207, 0.6091, 1.7864, 3.4625, 1.2599, 3.9155, 1.6690, 4.1188, 3.6319, 5.4348, 0.7591, 3.4714, 3.6768, 2.0076, 2.9652, 3.7603, 2.8631, 3.8291, 3.4601, 1.2739, 3.7002, 0.6479, 3.1183, 1.3047, 2.3024, 2.6912]
For Example 598, The full renyi 0.5 token for desp method is: [1.6678, 3.0007, 2.9853, 4.5297, 0.9102, 5.1102, 5.3943, 0.6116, 1.4762, 4.3720, 4.1293, 2.4036, 3.7049, 0.6647, 3.2208, 4.0558, 5.6242, 5.0088, 4.9294, 1.3584, 5.9938, 3.2783, 4.5477, 2.6382, 4.0330, 4.0805, 4.7972, 0.6861, 2.9433, 3.3812, 5.8974]
