For Example 3, The full renyi 0.5 token for desp method is: [1.7127, 2.7521, 1.4627, 4.6536, 3.3403, 3.2489, 2.1800, 4.1920, 3.6513, 4.9363, 0.7265, 3.5663, 5.5223, 4.7625, 0.6647, 2.7307, 5.4266, 5.3922, 3.7276, 0.7787, 2.3474, 2.2124, 3.1252, 3.4751, 1.4441, 5.7355, 6.0581, 3.5926, 4.9875, 5.7963, 5.1285]
For Example 4, The full renyi 0.5 token for desp method is: [2.1510, 3.3383, 3.0605, 5.8470, 5.1070, 4.1599, 4.0982, 5.8397, 0.8129, 4.3324, 3.6018, 5.5859, 0.8155, 3.8759, 2.4356, 1.8830, 1.4937, 2.7795, 4.4271, 0.6459, 3.3930, 4.8427, 0.6292, 3.6497, 0.7993, 2.6954, 2.1601, 1.6221, 0.6736, 1.9256, 1.8762]
For Example 5, The full renyi 0.5 token for desp method is: [1.7683, 3.2144, 2.0171, 5.3260, 4.5396, 1.3419, 4.2133, 0.9885, 4.3251, 4.0075, 0.7590, 4.4812, 4.0208, 0.6670, 4.0186, 4.1946, 4.3531, 4.1240, 2.5584, 3.7464, 1.3468, 4.1468, 0.6459, 3.2761, 1.2614, 2.3578, 3.4963, 3.8963, 2.5980, 2.2921, 4.1022]
For Example 10, The full renyi 0.5 token for desp method is: [2.2222, 3.1554, 2.2707, 5.4349, 5.2442, 6.1181, 0.8480, 4.9634, 4.8124, 5.4920, 6.2730, 1.3411, 4.9769, 1.7195, 2.5918, 3.7788, 5.6468, 4.5844, 5.6148, 3.6924, 3.6290, 5.7944, 4.0566, 4.9537, 4.6263, 5.5435, 1.0248, 4.8947, 4.7362, 1.4882, 4.4178]
For Example 11, The full renyi 0.5 token for desp method is: [1.6471, 2.9423, 0.5969, 0.5850, 1.6544, 3.9674, 1.1072, 4.1751, 3.6109, 3.0245, 3.0838, 3.6771, 4.3006, 0.6246, 1.1806, 3.7800, 4.7055, 0.8586, 3.6462, 4.2389, 2.8699, 4.3243, 2.2016, 3.4810, 1.1269, 4.2187, 0.7175, 3.1846, 1.4408, 2.3535, 2.1156]
For Example 12, The full renyi 0.5 token for desp method is: [2.1242, 3.2679, 3.3198, 5.7324, 5.4280, 3.3076, 0.6579, 4.9798, 5.0013, 5.9444, 5.1745, 5.2364, 4.3089, 3.5528, 2.4475, 3.8721, 3.1801, 4.1663, 5.1655, 4.0790, 5.7567, 0.9407, 4.5729, 4.4486, 4.6718, 3.2226, 0.7694, 4.1605, 4.9619, 1.7192, 5.3357]
For Example 14, The full renyi 0.5 token for desp method is: [1.8557, 2.9796, 1.5717, 4.3152, 3.5904, 1.8306, 4.6092, 4.6835, 3.6838, 2.8540, 4.0243, 5.3632, 7.4899, 6.1713, 6.1905, 6.6608, 2.8232, 3.3911, 6.3574, 4.9231, 5.3101, 3.5292, 2.3080, 3.6333, 3.3424, 2.9373, 3.2172, 3.7029, 4.4103, 3.8739, 4.8237]
For Example 15, The full renyi 0.5 token for desp method is: [1.9096, 3.1696, 1.7513, 4.6689, 1.0346, 2.6692, 3.5943, 4.1602, 4.6257, 5.8418, 1.2025, 5.3705, 4.9875, 2.7623, 3.5775, 3.0213, 4.5072, 4.9650, 4.4564, 6.2037, 3.0730, 2.6018, 4.3299, 4.8121, 2.6518, 5.6213, 5.2321, 4.6800, 0.6316, 3.8944, 2.3461]
For Example 18, The full renyi 0.5 token for desp method is: [1.6563, 3.0261, 1.8588, 3.8628, 1.0125, 4.1027, 3.7376, 3.0291, 3.9535, 4.6068, 3.3483, 1.9564, 3.7536, 2.8537, 1.3159, 2.0957, 0.5738, 2.4651, 3.6616, 4.4098, 4.1946, 4.4938, 0.6073, 2.5930, 4.3406, 2.4077, 4.5923, 2.2253, 4.6246, 3.9847, 3.1148]
For Example 21, The full renyi 0.5 token for desp method is: [2.4469, 3.1750, 0.6036, 1.5271, 4.2272, 4.3775, 2.2243, 4.0209, 2.8032, 3.6001, 3.2970, 3.6679, 3.4883, 4.7451, 5.4551, 4.3640, 3.5264, 4.1472, 3.7653, 3.0227, 5.3079, 4.5383, 5.2106, 0.8843, 5.2709, 3.5419, 4.1362, 2.0891, 4.6386, 0.7164, 3.3716]
For Example 22, The full renyi 0.5 token for desp method is: [1.6778, 2.4983, 1.0147, 4.7243, 3.7596, 3.0566, 1.8231, 3.4209, 3.6200, 5.3798, 4.0462, 5.7382, 5.0684, 3.9628, 0.6128, 1.3875, 2.4936, 2.4440, 3.5146, 3.5736, 3.6451, 2.1453, 5.8941, 4.7115, 2.5602, 3.8228, 3.9541, 4.3231, 5.6441, 0.6619, 0.9572]
For Example 27, The full renyi 0.5 token for desp method is: [1.7989, 2.9829, 2.2106, 5.3339, 3.3132, 4.5561, 5.2711, 6.1900, 3.0540, 4.8336, 4.3104, 2.0491, 2.7062, 5.9406, 2.0017, 5.2142, 3.6217, 3.5935, 3.4935, 5.0417, 2.6884, 5.3865, 6.2642, 0.8261, 4.0416, 3.0827, 4.2549, 3.5326, 5.4026, 2.2327, 4.7759]
For Example 31, The full renyi 0.5 token for desp method is: [2.4187, 3.3053, 0.6020, 2.2841, 5.3941, 0.7120, 3.7946, 2.7169, 3.4079, 4.9461, 5.6756, 4.2505, 4.2967, 3.3895, 1.5969, 4.2118, 1.2163, 0.7738, 3.3667, 3.7564, 1.3073, 4.0363, 3.9400, 4.5150, 3.1269, 2.0732, 4.2473, 2.5596, 4.4320, 2.2545, 3.8782]
For Example 32, The full renyi 0.5 token for desp method is: [1.8283, 2.9875, 1.7034, 4.3410, 3.3495, 3.7322, 4.2399, 2.3893, 4.2118, 4.2542, 5.5091, 0.8490, 3.9616, 4.6234, 4.1559, 0.6595, 2.8144, 5.7734, 3.6233, 0.8096, 2.2435, 2.5677, 3.1208, 2.8016, 1.4262, 5.6964, 4.1781, 4.4527, 1.4801, 3.5686, 4.8464]
For Example 33, The full renyi 0.5 token for desp method is: [2.0125, 3.0442, 0.5968, 0.5999, 2.6194, 4.2660, 3.8603, 3.0694, 3.7174, 4.0786, 5.7805, 0.8024, 2.9638, 3.4752, 3.5808, 1.9843, 1.8992, 1.3022, 3.2418, 3.8877, 1.3120, 4.0212, 0.6570, 3.1684, 2.6284, 3.5848, 2.5723, 1.8083, 2.0537, 2.2055, 4.2414]
For Example 34, The full renyi 0.5 token for desp method is: [1.5656, 2.9354, 2.0905, 4.5058, 2.6518, 1.0433, 1.1719, 3.4935, 2.8868, 1.8395, 3.4933, 0.6321, 0.9128, 4.0234, 4.8526, 0.9210, 3.3207, 4.3702, 3.5668, 3.3510, 3.2478, 3.2752, 4.9423, 3.6221, 3.2831, 5.9910, 6.0915, 4.4162, 2.3789, 1.2105, 1.5339]
For Example 36, The full renyi 0.5 token for desp method is: [2.7356, 2.9999, 1.8088, 4.5708, 4.6049, 0.9206, 1.6873, 4.4627, 0.7598, 3.3515, 2.4640, 4.3690, 4.0566, 5.8544, 4.7729, 6.1623, 3.8211, 3.8859, 3.2463, 5.5003, 4.2839, 6.1296, 3.7360, 2.3854, 2.0709, 0.8389, 2.2987, 2.0806, 4.6982, 0.8144, 2.4674]
For Example 39, The full renyi 0.5 token for desp method is: [1.5674, 2.8541, 2.5355, 5.3953, 5.1472, 4.0612, 3.3410, 3.0887, 5.1449, 2.4408, 4.1103, 2.7860, 4.2060, 0.6725, 1.8219, 2.4160, 3.5068, 4.1805, 3.4804, 5.3628, 0.7240, 4.3939, 0.9046, 2.2760, 4.2509, 3.2825, 4.7831, 5.2839, 2.8601, 2.9799, 2.7746]
For Example 40, The full renyi 0.5 token for desp method is: [1.8913, 2.8793, 1.3459, 4.3356, 3.1327, 3.3376, 2.8809, 5.0730, 0.6627, 2.8029, 3.9002, 5.0581, 2.5860, 4.6800, 3.7981, 3.6054, 1.7533, 2.3838, 0.6242, 2.1884, 3.1563, 4.4548, 3.1114, 4.7695, 0.5935, 3.2000, 4.5422, 3.7051, 0.6106, 2.3052, 5.0007]
For Example 41, The full renyi 0.5 token for desp method is: [1.5111, 2.9055, 0.5927, 0.5827, 1.7592, 3.3663, 0.9671, 3.7583, 3.5420, 1.8395, 2.0138, 3.9604, 0.6120, 0.9863, 3.6243, 4.8678, 0.8566, 3.7667, 3.9157, 2.8897, 4.2963, 2.1260, 3.5242, 0.9892, 3.8238, 2.5953, 3.3542, 1.8165, 2.3427, 2.5261, 3.8102]
For Example 46, The full renyi 0.5 token for desp method is: [1.9793, 3.1686, 2.1409, 5.1747, 1.8849, 1.0979, 2.7927, 2.6798, 5.1753, 0.8974, 4.2389, 4.6358, 5.2872, 5.4380, 4.3910, 4.1320, 5.8540, 0.8941, 5.2426, 4.3038, 2.6409, 3.0317, 5.1282, 4.4009, 6.0858, 3.8628, 4.1596, 0.6654, 2.6183, 4.9205, 4.1892]
For Example 47, The full renyi 0.5 token for desp method is: [1.5720, 1.8760, 0.8714, 2.1707, 4.6343, 3.7967, 4.3314, 0.8714, 4.1173, 5.3831, 4.4035, 5.5396, 0.9494, 4.0049, 3.4793, 2.7683, 1.6196, 3.1066, 1.0004, 2.9823, 2.8872, 3.5046, 3.9051, 5.1824, 4.0954, 5.7531, 4.2514, 4.3924, 2.3210, 2.9117, 3.0976]
For Example 50, The full renyi 0.5 token for desp method is: [1.8003, 2.9018, 0.6018, 0.5908, 1.3771, 3.4138, 3.7285, 2.3742, 3.7457, 0.7584, 3.8514, 3.5847, 3.3404, 4.7720, 0.6790, 3.7932, 2.1329, 0.6065, 2.7862, 3.9161, 1.3283, 3.6795, 4.2097, 0.6117, 0.6519, 0.5603, 4.6188, 3.5479, 1.6523, 3.4992, 2.5973]
For Example 52, The full renyi 0.5 token for desp method is: [1.8173, 2.8386, 3.2691, 4.8383, 3.7746, 4.6207, 5.4125, 5.2029, 4.2501, 5.1167, 4.2990, 0.6545, 4.3874, 4.3329, 3.0579, 4.9483, 3.8407, 6.0657, 1.0394, 4.2038, 6.0947, 4.2977, 2.9059, 6.5789, 4.0452, 4.5362, 0.8413, 2.7532, 5.2159, 1.6628, 4.6640]
For Example 58, The full renyi 0.5 token for desp method is: [2.0543, 3.3828, 2.6051, 6.4361, 5.6874, 3.6536, 3.7583, 5.0166, 0.7497, 2.5234, 3.5277, 5.6108, 4.6314, 6.5285, 2.7899, 3.3556, 4.6323, 1.1454, 1.6589, 2.5473, 4.0194, 4.5539, 4.1306, 6.1919, 0.6705, 4.6042, 2.7898, 3.7139, 1.9292, 1.4266, 3.3727]
For Example 60, The full renyi 0.5 token for desp method is: [2.0602, 3.1848, 1.7708, 5.0257, 4.5835, 5.2618, 4.1299, 3.5203, 4.7396, 5.4843, 6.1673, 2.8847, 4.8305, 5.1723, 2.9488, 4.1080, 5.2061, 4.6038, 6.0257, 1.9715, 6.0181, 2.3656, 5.0167, 2.0728, 3.9477, 1.4309, 4.3110, 5.9389, 3.8461, 1.5201, 3.6163]
For Example 61, The full renyi 0.5 token for desp method is: [2.0436, 3.0313, 1.4622, 4.8151, 1.8317, 1.0172, 2.9380, 1.8141, 4.6455, 0.8166, 4.0063, 4.5390, 5.1238, 5.4165, 3.6776, 3.8408, 5.5012, 3.9178, 3.5690, 5.2754, 3.4523, 4.7960, 4.3569, 2.7448, 2.8030, 5.0608, 4.2632, 5.5070, 3.1033, 1.9824, 2.1530]
For Example 63, The full renyi 0.5 token for desp method is: [2.2857, 2.8962, 1.6887, 4.4806, 4.5824, 2.9861, 0.6095, 4.6877, 0.6866, 3.3586, 2.0517, 4.0458, 4.0573, 5.6125, 4.8241, 5.3266, 1.2266, 5.7223, 3.4714, 3.4825, 4.7467, 4.0908, 6.0526, 0.6751, 4.5881, 3.0230, 4.1256, 1.8563, 1.8983, 4.0524, 2.7010]
For Example 65, The full renyi 0.5 token for desp method is: [2.5679, 3.2127, 2.1042, 3.6625, 1.1598, 0.7899, 4.2536, 2.8438, 3.0857, 5.3633, 4.7102, 5.5858, 4.6793, 4.1943, 5.0136, 5.6725, 3.4631, 4.4382, 3.9802, 5.2186, 4.2167, 3.8857, 1.9771, 5.1165, 5.2700, 3.8361, 4.8987, 3.9473, 3.7473, 4.4552, 5.5889]
For Example 66, The full renyi 0.5 token for desp method is: [1.9924, 3.2553, 2.4269, 5.1928, 5.2335, 1.9767, 4.9767, 3.3317, 4.4646, 5.4437, 4.7493, 4.9356, 5.7248, 5.6211, 0.8525, 2.0730, 4.6320, 2.4498, 3.1320, 0.6317, 2.4777, 4.7849, 5.6919, 0.8816, 5.6971, 4.2732, 4.4708, 4.6297, 4.8787, 5.4555, 3.2027]
For Example 67, The full renyi 0.5 token for desp method is: [2.3150, 3.3327, 2.1310, 4.1213, 1.2056, 0.7633, 4.1868, 3.0719, 2.4060, 5.4138, 4.7043, 5.4255, 3.7407, 4.4514, 5.3972, 6.2664, 4.4622, 1.2504, 2.4226, 2.5272, 4.1603, 5.0872, 4.0116, 5.9352, 2.0541, 5.6530, 1.4907, 3.3427, 4.8490, 4.6378, 2.0221]
For Example 68, The full renyi 0.5 token for desp method is: [1.7392, 3.0469, 3.0434, 4.6597, 1.8742, 1.0381, 2.8084, 3.4187, 5.2658, 0.6518, 3.9263, 0.6438, 4.7893, 5.3153, 4.1677, 5.3047, 5.1721, 5.0387, 2.0485, 0.7031, 0.9459, 2.7340, 2.8612, 5.1438, 0.6483, 3.1591, 5.6645, 0.6400, 4.4497, 3.7386, 3.7350]
For Example 69, The full renyi 0.5 token for desp method is: [1.6800, 2.8960, 2.1348, 5.0734, 5.5451, 0.6821, 4.3519, 3.1388, 1.9528, 3.6944, 3.4365, 4.9678, 0.6889, 3.9290, 5.8957, 0.8219, 4.7823, 3.6741, 4.2939, 1.4462, 4.6044, 5.1444, 4.4075, 4.0862, 5.0855, 1.6680, 2.5708, 2.4483, 2.3468, 0.7090, 2.4962]
For Example 70, The full renyi 0.5 token for desp method is: [2.4188, 2.8650, 1.8083, 5.7703, 3.8284, 2.4241, 4.6181, 3.8039, 0.6789, 1.9684, 4.9001, 4.2596, 5.4086, 0.7121, 3.6517, 2.7591, 5.3623, 4.6334, 1.4021, 0.7961, 3.8108, 2.5724, 5.0679, 4.4079, 5.8177, 3.0696, 2.3321, 4.5703, 3.7741, 4.7411, 0.9536]
For Example 71, The full renyi 0.5 token for desp method is: [2.0266, 3.4166, 3.2506, 5.7891, 4.4631, 5.6003, 6.2054, 3.7971, 4.5448, 4.3087, 4.1406, 3.2997, 4.0701, 3.3696, 3.4537, 5.0771, 4.6658, 4.9339, 6.3495, 4.5588, 3.9799, 5.2428, 4.4298, 5.0291, 2.9804, 5.7539, 5.2411, 4.9534, 0.6479, 3.5535, 2.5608]
For Example 73, The full renyi 0.5 token for desp method is: [1.9039, 3.1736, 0.6112, 0.5904, 2.4710, 4.4789, 2.4190, 4.2999, 4.9163, 5.8150, 6.2549, 5.0435, 3.6007, 2.5101, 2.9657, 3.6646, 4.8554, 3.8879, 5.6900, 2.2354, 5.0476, 3.7043, 4.4997, 4.7813, 5.1278, 4.1962, 0.6792, 4.9319, 4.1985, 4.3836, 4.1667]
For Example 75, The full renyi 0.5 token for desp method is: [1.9328, 3.2514, 1.9252, 5.0234, 0.6700, 4.9559, 4.8783, 5.1837, 5.9670, 5.6112, 6.1490, 5.0365, 4.7987, 3.2906, 2.7195, 4.1066, 3.9224, 4.0755, 5.1096, 4.5090, 5.4268, 0.8775, 5.2727, 5.3319, 1.0556, 3.6026, 3.7647, 3.5823, 4.3848, 1.9163, 1.5243]
For Example 76, The full renyi 0.5 token for desp method is: [2.3860, 3.3392, 2.2391, 4.9699, 4.1270, 4.6304, 1.2715, 4.9382, 5.0807, 6.1137, 5.4620, 3.1516, 5.0029, 5.3971, 4.7168, 4.4896, 5.0926, 4.7875, 5.5825, 3.8666, 3.5945, 4.8788, 3.3745, 4.6854, 4.9204, 6.1295, 5.4155, 4.1299, 2.6270, 3.1227, 0.9755]
For Example 77, The full renyi 0.5 token for desp method is: [1.6908, 2.7378, 1.2424, 4.5704, 4.4985, 0.6429, 4.5634, 4.6836, 5.5158, 6.2756, 4.9766, 5.8053, 4.7043, 4.5207, 5.5414, 4.0921, 3.4455, 4.5860, 3.1899, 4.7000, 4.3352, 2.6790, 2.8795, 5.0715, 4.3738, 5.6784, 3.3705, 2.0361, 2.1109, 0.8479, 2.4449]
For Example 78, The full renyi 0.5 token for desp method is: [1.9049, 2.8090, 2.2789, 5.6415, 5.0420, 4.7183, 1.8202, 0.5860, 5.6687, 1.2535, 4.8499, 2.9575, 2.3235, 5.1059, 4.7518, 0.8415, 4.6847, 3.5070, 4.0118, 4.3250, 0.6852, 4.4139, 5.9076, 4.3407, 3.2361, 5.6183, 3.9427, 5.1576, 4.6664, 4.3804, 3.5058]
For Example 79, The full renyi 0.5 token for desp method is: [2.1491, 3.2438, 2.2792, 3.7859, 1.1411, 0.7293, 4.0080, 2.8798, 2.2319, 5.1234, 2.0096, 3.8135, 1.4591, 4.2228, 4.2170, 5.1246, 6.0678, 4.8766, 4.3867, 2.1648, 3.5082, 2.1518, 3.6581, 5.0050, 3.7987, 4.1257, 1.9602, 5.6772, 2.7449, 4.7124, 3.7762]
For Example 81, The full renyi 0.5 token for desp method is: [1.6399, 3.0036, 0.5985, 0.5878, 1.7764, 4.4521, 3.8635, 0.8721, 3.2878, 3.7288, 2.7509, 2.9765, 5.0033, 3.3761, 5.0215, 3.8989, 4.0983, 0.5855, 3.9970, 5.6906, 3.6131, 4.8552, 3.6374, 2.5498, 5.1823, 5.1944, 2.1524, 4.4296, 5.7541, 3.9425, 3.8850]
For Example 82, The full renyi 0.5 token for desp method is: [1.9894, 2.8203, 1.3359, 4.5898, 2.4969, 1.6110, 4.2886, 4.5713, 0.6747, 2.6686, 3.7425, 3.4987, 3.6496, 5.5583, 5.1544, 6.0987, 3.2834, 1.8783, 4.0029, 2.4751, 3.2275, 3.7022, 4.3643, 5.7630, 0.6893, 4.2472, 2.0342, 2.9433, 1.7243, 1.8204, 3.3141]
For Example 85, The full renyi 0.5 token for desp method is: [1.7560, 3.0384, 2.8658, 4.7647, 3.8645, 4.9620, 5.6230, 0.9848, 5.0007, 3.7945, 5.1823, 0.8462, 4.1529, 3.3822, 3.3297, 2.2128, 3.3426, 4.8193, 4.0389, 5.9898, 3.4801, 1.7558, 3.2006, 2.9179, 4.7141, 3.2887, 5.4453, 3.4123, 1.3056, 1.3603, 4.4006]
For Example 86, The full renyi 0.5 token for desp method is: [1.9318, 3.2543, 2.5509, 4.8960, 4.1327, 1.0995, 5.0077, 0.8413, 4.0313, 4.5461, 5.6077, 1.6483, 4.6440, 4.4881, 4.5499, 1.5522, 0.6166, 3.6025, 2.2982, 3.7955, 4.9818, 4.4448, 5.9417, 3.0749, 5.5795, 5.7326, 0.8135, 5.2691, 1.0719, 4.2191, 3.1959]
For Example 87, The full renyi 0.5 token for desp method is: [2.2622, 2.9373, 1.7486, 5.2565, 4.9614, 2.1039, 3.3938, 1.2683, 3.7699, 3.5896, 2.2992, 1.6310, 3.6378, 3.1910, 3.1717, 4.8092, 1.8309, 3.8440, 5.8216, 2.0980, 4.0670, 2.5946, 4.4389, 5.0377, 6.1469, 5.4752, 5.3413, 0.7426, 4.3319, 2.0684, 4.2602]
For Example 89, The full renyi 0.5 token for desp method is: [1.9156, 3.0544, 1.3972, 4.8027, 4.9328, 4.5603, 4.4499, 4.6249, 6.1172, 3.4985, 2.7316, 0.8855, 4.4067, 3.7604, 5.0413, 1.0052, 4.3850, 5.4075, 1.6598, 3.3112, 3.8713, 4.9823, 3.8206, 5.3222, 3.2255, 2.3239, 4.8136, 2.6327, 4.1255, 3.6808, 4.6237]
For Example 91, The full renyi 0.5 token for desp method is: [1.8020, 2.9525, 1.4375, 5.4503, 5.2091, 6.1220, 5.2933, 0.6351, 0.5931, 4.3202, 4.2347, 2.3366, 3.5678, 2.3881, 3.2460, 3.9272, 3.0879, 5.0393, 0.6453, 0.5639, 3.7422, 5.7487, 3.3297, 2.1852, 2.0942, 0.8386, 2.3207, 2.0130, 5.0367, 3.7028, 5.6732]
For Example 92, The full renyi 0.5 token for desp method is: [1.7847, 3.0958, 0.6060, 0.5901, 1.9577, 4.8573, 4.2986, 1.0074, 3.0964, 3.8513, 2.5881, 2.8265, 5.1653, 3.4549, 5.1581, 3.7316, 4.4328, 0.5970, 4.1162, 5.1911, 0.6010, 3.8699, 1.1019, 3.4768, 3.7389, 2.6387, 5.5270, 1.3716, 2.1780, 4.9903, 2.8462]
For Example 96, The full renyi 0.5 token for desp method is: [2.1193, 3.1267, 2.6771, 5.0064, 5.5404, 5.8141, 5.1824, 3.6920, 0.5960, 1.2436, 5.0527, 2.9497, 2.7954, 4.7041, 0.6873, 3.3848, 2.5024, 4.1515, 3.7175, 3.5401, 5.2566, 4.0618, 5.8381, 0.9725, 4.9236, 4.9792, 3.7801, 3.8720, 4.6373, 4.5296, 5.8960]
For Example 102, The full renyi 0.5 token for desp method is: [1.7642, 3.1099, 2.8524, 5.1500, 5.0730, 4.7353, 3.8428, 4.9006, 5.9045, 4.7979, 1.4794, 4.8469, 0.7075, 3.6867, 4.7315, 3.5774, 4.6951, 4.6092, 5.3853, 3.5965, 2.6185, 4.3374, 2.1808, 1.6501, 4.0004, 3.1851, 5.0054, 4.1167, 5.7696, 4.7914, 5.4877]
For Example 104, The full renyi 0.5 token for desp method is: [1.9397, 3.1326, 1.9396, 4.3205, 0.6951, 4.3483, 3.0334, 2.9738, 4.6505, 4.3419, 0.9055, 4.8855, 3.4179, 4.3832, 3.0243, 3.6963, 5.1552, 4.2667, 5.6664, 2.0703, 5.6353, 1.8976, 4.0720, 0.7533, 3.1138, 5.2508, 1.2524, 1.8135, 4.7267, 2.7847, 4.5550]
For Example 105, The full renyi 0.5 token for desp method is: [1.7053, 2.7640, 1.1823, 5.4771, 4.9558, 3.7324, 5.1626, 3.4322, 3.5431, 2.2959, 5.4087, 1.6140, 2.3450, 3.9152, 5.5094, 3.3653, 3.5076, 3.1891, 2.9960, 2.7272, 3.5575, 2.4304, 3.3930, 3.4027, 2.3074, 3.8840, 3.3376, 5.3116, 0.6998, 3.8674, 2.8216]
For Example 106, The full renyi 0.5 token for desp method is: [1.6065, 3.0321, 0.5956, 0.5867, 1.8633, 4.1870, 1.1872, 3.2142, 3.4966, 2.3573, 2.2314, 4.1142, 3.2793, 4.3961, 3.9028, 4.0936, 2.9577, 3.3090, 3.4662, 3.5436, 3.0900, 3.7677, 2.8899, 3.4674, 4.4287, 3.7247, 2.4549, 2.9260, 0.6276, 1.9920, 0.5708]
For Example 107, The full renyi 0.5 token for desp method is: [1.9935, 3.0901, 2.1371, 4.5978, 0.6454, 0.6303, 3.8602, 4.1465, 3.5380, 2.6989, 5.0238, 1.9706, 3.5500, 3.9293, 5.6492, 1.1362, 5.3444, 6.1288, 4.7408, 2.5748, 6.2121, 0.9748, 4.1099, 3.0220, 3.2920, 3.7471, 1.7364, 6.0726, 4.9121, 2.2034, 4.8563]
For Example 109, The full renyi 0.5 token for desp method is: [1.9010, 3.1506, 2.2605, 5.0826, 2.0232, 4.1059, 4.5216, 4.7120, 5.8575, 3.0253, 4.5233, 5.1758, 5.3408, 5.8271, 5.1553, 6.0526, 1.1300, 5.9132, 3.4948, 2.2383, 5.2699, 5.4573, 4.0691, 5.0418, 4.0020, 4.5516, 4.6127, 3.4940, 1.6251, 4.3073, 5.2905]
For Example 110, The full renyi 0.5 token for desp method is: [1.8295, 2.7394, 2.6993, 5.5085, 0.8901, 5.9396, 5.6297, 2.2043, 0.5629, 4.7224, 2.8254, 2.1275, 5.7584, 5.5835, 5.7978, 5.6338, 6.1806, 5.1776, 5.6309, 3.9821, 2.9365, 4.6436, 1.4119, 0.5810, 3.9306, 6.2959, 1.0816, 4.3649, 3.8735, 4.9854, 3.6563]
For Example 117, The full renyi 0.5 token for desp method is: [2.0061, 3.0497, 2.3244, 4.9747, 1.8713, 1.0552, 2.7955, 2.8602, 4.9399, 4.3143, 4.1595, 4.6460, 5.1217, 3.5512, 3.9695, 5.4640, 4.2685, 5.3816, 2.1875, 3.3756, 3.1878, 4.8831, 4.2630, 5.5830, 0.8891, 5.1828, 5.8221, 5.2070, 4.5627, 3.2676, 3.7131]
For Example 118, The full renyi 0.5 token for desp method is: [2.2553, 3.1966, 1.7107, 5.0807, 4.7706, 5.5893, 2.2569, 4.6875, 3.9870, 4.5746, 5.8118, 5.4443, 1.3328, 4.9861, 5.2506, 6.1149, 1.8500, 2.0564, 3.5904, 4.6858, 3.5967, 5.4962, 0.8258, 4.5237, 5.2737, 3.4979, 2.1248, 3.7140, 2.0957, 1.6302, 4.1481]
For Example 119, The full renyi 0.5 token for desp method is: [1.5326, 2.8882, 0.5918, 0.5843, 1.4965, 3.7417, 0.8844, 4.0912, 3.6447, 2.2500, 2.8752, 3.9424, 3.7551, 5.1779, 3.2271, 3.4748, 5.0598, 4.3772, 2.9188, 3.6958, 1.1029, 4.4298, 0.7218, 3.3324, 1.9874, 2.2630, 2.1410, 3.5657, 1.7898, 2.4487, 2.4117]
For Example 120, The full renyi 0.5 token for desp method is: [2.2215, 3.1483, 2.1588, 5.0184, 4.9274, 1.5925, 3.3835, 3.9181, 4.1224, 4.9077, 5.7635, 2.6625, 3.4432, 4.5521, 2.6973, 4.1958, 5.4091, 4.1703, 5.1739, 2.4585, 4.3734, 4.4026, 5.7581, 4.8596, 5.6010, 0.9522, 5.3152, 3.9224, 3.9135, 1.5998, 4.5032]
For Example 123, The full renyi 0.5 token for desp method is: [2.3009, 3.1455, 0.6032, 1.5525, 4.0943, 4.3715, 2.3419, 4.0820, 3.0917, 4.3668, 2.6734, 0.6393, 2.3520, 2.8600, 4.4793, 4.5794, 5.0766, 5.5028, 4.4369, 4.0497, 4.6194, 3.8161, 3.4347, 5.3340, 4.6457, 5.1939, 0.8906, 5.1975, 1.4446, 0.6484, 3.0378]
For Example 125, The full renyi 0.5 token for desp method is: [1.8899, 2.9849, 0.6102, 0.5941, 1.6834, 3.9759, 4.2742, 3.6511, 0.8483, 4.2708, 4.0457, 3.3079, 3.4021, 4.3821, 2.7679, 0.7375, 2.1162, 4.9197, 1.0898, 3.1014, 4.9117, 1.0897, 1.0377, 3.0572, 4.2456, 1.4859, 4.0584, 3.3632, 4.2414, 0.6450, 3.9052]
For Example 128, The full renyi 0.5 token for desp method is: [2.0184, 2.9462, 1.7082, 5.3096, 4.8757, 5.8375, 4.7264, 3.4840, 3.9269, 4.8501, 6.2288, 4.7603, 2.2351, 2.0256, 1.2239, 2.5101, 3.7612, 4.8524, 4.1898, 3.2888, 2.2069, 5.1965, 6.2335, 3.6113, 2.7159, 2.8669, 3.4930, 5.2112, 4.2048, 4.3221, 4.8931]
For Example 130, The full renyi 0.5 token for desp method is: [1.8760, 3.1014, 1.7082, 5.1825, 4.5552, 5.4168, 4.2734, 4.8340, 5.2003, 6.0996, 2.9206, 5.5242, 5.6299, 2.7819, 2.6028, 4.6066, 0.8021, 2.4040, 3.4408, 4.1161, 4.0368, 5.2299, 4.3282, 5.9466, 2.8830, 4.3781, 4.7105, 4.3583, 4.9051, 2.7756, 2.0878]
For Example 131, The full renyi 0.5 token for desp method is: [2.1943, 2.7033, 1.5249, 5.3726, 4.6985, 3.9529, 5.3649, 1.0285, 2.2260, 0.5662, 4.3178, 1.8856, 3.6110, 1.0243, 3.5852, 5.5134, 4.9914, 6.3944, 5.1500, 2.2746, 4.5218, 1.5113, 4.5804, 3.6813, 2.9486, 3.2326, 3.3783, 4.4857, 3.0549, 2.2296, 3.9125]
For Example 132, The full renyi 0.5 token for desp method is: [2.1562, 3.0394, 2.1639, 4.9497, 4.7964, 3.0257, 0.6140, 4.8005, 4.8897, 5.8956, 4.1608, 1.0651, 4.9453, 5.7068, 6.6869, 6.3150, 5.3832, 5.6119, 3.9772, 3.3530, 3.0030, 3.4046, 3.8120, 4.9232, 3.9744, 6.0799, 0.6994, 4.4664, 2.9019, 3.9199, 1.9448]
For Example 135, The full renyi 0.5 token for desp method is: [1.9096, 3.3450, 2.1851, 5.4209, 4.3914, 1.0012, 4.9144, 4.7709, 5.6581, 4.4717, 6.1403, 4.8896, 5.9135, 3.2134, 3.6950, 4.9400, 4.2031, 5.7773, 1.9586, 2.3481, 4.1946, 2.2059, 4.9334, 3.7384, 4.4637, 2.0826, 5.4238, 0.7703, 3.2598, 4.8379, 0.6317]
For Example 137, The full renyi 0.5 token for desp method is: [1.7465, 3.0996, 2.2570, 5.0407, 3.6133, 3.5142, 3.2681, 5.4515, 4.7890, 5.0428, 4.1898, 5.3326, 4.1758, 3.9938, 5.2437, 3.7955, 3.6489, 2.7829, 4.7325, 0.6026, 2.9942, 4.9907, 1.2724, 3.2003, 5.0197, 3.1113, 1.8281, 5.5502, 0.6526, 2.0364, 4.6546]
For Example 143, The full renyi 0.5 token for desp method is: [1.5149, 2.7842, 1.3549, 4.7032, 4.0640, 3.5713, 0.9268, 2.7739, 2.3634, 5.1880, 2.3229, 3.9513, 5.3385, 0.9054, 4.9044, 4.1431, 3.1228, 2.9288, 3.9514, 3.5627, 5.5285, 0.6961, 4.1761, 2.7436, 4.1687, 1.4037, 0.8706, 3.4182, 2.2238, 5.2572, 4.2379]
For Example 145, The full renyi 0.5 token for desp method is: [1.8433, 2.8867, 1.7932, 5.5577, 4.6821, 0.6332, 4.5910, 3.2941, 2.0066, 4.1483, 1.8408, 3.2154, 3.6191, 2.6687, 4.5780, 0.6684, 1.3868, 2.4357, 3.1315, 4.1150, 0.6112, 3.8480, 5.6494, 0.6751, 4.4807, 3.3763, 4.4195, 4.2829, 4.9824, 1.9720, 3.9878]
For Example 147, The full renyi 0.5 token for desp method is: [2.2146, 3.2558, 2.8180, 5.2309, 4.4857, 0.6921, 2.2789, 3.8758, 4.6521, 5.8178, 4.4091, 2.4587, 4.8501, 1.7872, 2.5311, 2.1041, 4.8622, 1.4125, 4.0359, 4.8710, 1.2924, 0.7179, 4.7881, 4.2096, 4.3535, 4.7840, 3.8960, 0.7813, 2.2926, 3.1801, 5.6215]
For Example 148, The full renyi 0.5 token for desp method is: [1.8814, 3.0340, 2.9739, 4.8180, 1.8198, 1.0048, 2.7674, 3.8157, 5.0840, 4.8301, 0.8705, 4.3712, 4.7120, 5.2508, 1.0308, 5.2065, 1.1166, 3.9668, 5.5615, 0.8765, 5.0508, 4.0300, 2.8088, 3.1923, 4.9359, 4.3518, 5.5617, 3.2586, 2.0070, 2.1818, 0.9044]
For Example 150, The full renyi 0.5 token for desp method is: [2.2613, 3.0800, 0.6015, 0.5872, 1.8497, 5.4238, 5.2117, 6.0447, 4.8610, 3.8776, 3.8264, 5.7458, 0.6452, 4.5719, 3.4339, 0.6598, 4.0517, 4.1737, 5.1595, 0.9099, 4.7817, 3.0962, 3.9273, 4.8743, 4.2023, 2.9968, 1.9367, 4.7726, 5.6146, 3.8137, 4.9458]
For Example 151, The full renyi 0.5 token for desp method is: [1.5814, 2.9139, 0.5886, 0.5849, 1.6970, 3.2807, 0.8051, 3.3319, 3.4785, 2.8839, 3.4196, 4.0100, 0.6195, 1.9323, 3.5135, 1.8204, 3.3847, 3.4070, 4.3205, 0.5737, 3.4474, 3.7208, 0.7063, 2.6036, 2.1335, 3.4759, 0.9915, 4.1818, 4.1732, 3.6784, 2.8134]
For Example 154, The full renyi 0.5 token for desp method is: [1.7304, 2.9562, 2.8963, 5.0158, 1.8236, 1.0335, 2.5420, 3.6396, 4.8948, 2.9180, 4.0911, 4.8100, 4.8811, 0.7099, 4.0601, 4.8283, 0.7588, 3.7038, 2.1160, 1.6619, 3.2616, 5.1686, 3.6947, 5.4412, 3.4489, 1.6943, 3.8257, 2.6742, 4.5890, 3.2335, 5.3401]
For Example 155, The full renyi 0.5 token for desp method is: [1.5991, 2.9867, 0.5951, 0.5862, 2.1493, 4.2433, 1.1259, 4.3888, 3.6787, 3.2225, 3.3559, 4.2027, 4.3062, 3.9434, 5.0238, 0.9111, 3.4946, 4.2877, 2.9724, 4.4276, 2.2448, 3.6278, 1.0738, 4.3657, 0.7541, 3.3432, 2.6335, 3.3320, 2.3140, 1.4442, 2.5065]
For Example 157, The full renyi 0.5 token for desp method is: [1.8197, 2.7461, 1.4965, 3.8147, 3.3647, 2.2707, 1.4392, 3.4032, 0.6673, 0.9329, 3.7607, 4.8091, 0.8525, 3.6870, 4.2532, 2.5278, 5.2879, 3.3780, 3.3975, 5.5297, 5.1149, 0.9930, 3.7662, 0.7296, 3.4546, 1.8581, 2.0421, 3.1616, 2.8505, 4.8820, 0.5866]
For Example 160, The full renyi 0.5 token for desp method is: [1.6847, 2.9695, 1.5462, 3.6441, 1.0721, 4.6655, 3.7437, 3.4354, 3.1766, 2.8901, 4.9748, 2.9287, 5.1721, 0.7129, 2.7662, 1.7254, 3.6214, 2.8281, 3.3666, 1.2823, 4.6203, 0.7046, 3.2469, 1.4932, 2.3155, 2.1723, 3.2128, 1.7909, 3.0090, 2.3737, 4.6308]
For Example 161, The full renyi 0.5 token for desp method is: [1.5799, 2.9950, 2.4092, 3.8736, 3.5116, 3.4506, 4.1100, 0.5731, 3.8726, 4.9466, 0.8284, 2.6356, 3.8737, 3.4872, 3.1683, 2.4980, 4.9020, 4.3976, 3.0288, 3.2842, 0.5951, 2.1164, 4.5788, 3.7438, 3.7939, 4.3820, 0.9183, 2.2395, 3.6879, 3.0499, 3.7108]
For Example 164, The full renyi 0.5 token for desp method is: [2.3339, 2.8475, 1.6489, 5.2669, 4.4479, 5.9581, 4.6697, 4.2188, 3.6002, 4.9891, 6.0775, 3.8530, 4.1414, 5.3201, 0.8055, 0.6253, 2.5588, 5.1847, 3.6488, 4.7698, 6.3690, 3.7103, 3.8456, 4.9756, 4.1288, 4.9208, 6.3383, 5.8705, 6.3268, 4.1656, 4.8517]
For Example 169, The full renyi 0.5 token for desp method is: [1.7739, 2.7657, 1.4830, 3.9558, 3.2847, 0.7674, 3.4277, 0.6437, 2.8797, 3.7441, 4.7752, 3.2102, 0.5984, 2.8840, 3.7495, 3.4236, 1.6542, 0.7996, 3.0759, 3.3705, 0.5805, 3.5611, 2.0029, 2.6441, 2.2412, 1.1410, 4.6363, 1.4162, 3.3637, 2.6773, 5.0156]
For Example 170, The full renyi 0.5 token for desp method is: [1.5659, 2.9837, 0.5953, 0.5835, 1.9575, 3.6893, 1.0473, 3.8424, 3.7656, 2.0304, 2.7380, 4.1249, 3.9204, 3.5922, 4.8422, 0.8099, 3.6540, 3.8653, 3.0982, 4.1255, 2.2551, 3.4519, 0.9961, 3.8554, 2.8867, 3.4680, 2.0046, 2.8140, 3.9604, 3.4226, 4.3505]
For Example 174, The full renyi 0.5 token for desp method is: [1.8538, 2.8474, 1.4610, 5.2820, 1.9202, 1.0155, 2.9606, 1.8662, 5.6740, 4.8077, 3.4076, 5.5077, 0.7610, 4.0602, 4.8707, 6.3142, 3.2597, 4.5603, 3.3769, 1.1472, 1.8288, 1.8478, 2.8532, 4.8115, 0.5920, 3.5856, 3.8993, 2.6061, 6.0143, 3.3645, 4.9799]
For Example 175, The full renyi 0.5 token for desp method is: [2.1578, 2.9820, 2.8891, 5.7360, 5.1280, 5.3585, 4.9452, 4.0858, 2.0032, 3.6982, 1.6516, 4.6394, 3.0557, 2.1066, 2.8860, 3.3983, 4.4958, 4.6151, 5.8504, 2.4929, 5.6871, 3.8790, 5.3909, 5.0346, 6.2140, 4.7706, 2.6386, 2.4696, 2.2313, 3.8807, 5.8409]
For Example 176, The full renyi 0.5 token for desp method is: [1.5876, 2.9614, 2.0007, 4.6832, 0.8508, 3.4986, 3.1180, 3.8449, 4.4668, 5.7458, 0.8585, 4.5863, 4.1761, 4.7451, 4.7280, 5.9628, 4.5875, 1.4082, 2.9862, 6.2637, 4.0037, 0.7638, 3.3117, 5.0466, 2.5634, 1.8185, 3.7850, 1.1554, 3.5976, 5.1939, 4.0918]
For Example 178, The full renyi 0.5 token for desp method is: [2.1944, 3.2522, 3.5604, 5.4893, 1.9570, 1.0761, 2.9945, 4.2993, 5.5999, 5.0281, 5.6593, 6.2183, 5.2511, 4.1920, 5.4693, 0.9512, 5.1130, 4.0978, 2.8792, 3.3395, 5.2082, 4.5623, 6.1853, 0.6694, 4.1874, 2.6781, 3.6866, 2.5644, 1.8926, 3.6447, 2.4002]
For Example 180, The full renyi 0.5 token for desp method is: [1.5545, 2.8876, 2.5663, 5.6109, 1.3003, 4.3508, 3.3013, 2.1804, 3.7851, 3.4827, 5.4898, 4.2395, 0.6446, 1.0420, 0.8016, 2.9471, 3.0873, 4.7341, 0.8523, 3.2286, 5.9951, 0.6942, 4.7152, 3.7159, 5.1222, 1.5046, 4.6578, 4.6252, 4.4616, 3.8242, 6.4113]
For Example 182, The full renyi 0.5 token for desp method is: [2.1240, 2.9292, 1.7297, 4.7335, 4.8366, 6.0519, 4.4503, 3.4898, 4.7731, 5.9278, 0.7320, 4.0910, 3.0101, 0.6302, 3.9693, 4.2826, 5.5876, 3.7355, 2.9305, 5.2934, 4.5796, 3.6353, 4.7594, 4.1591, 4.4503, 4.2783, 4.1775, 5.0936, 4.8633, 4.6536, 1.6839]
For Example 183, The full renyi 0.5 token for desp method is: [2.0640, 2.9848, 0.6035, 0.5909, 1.5510, 3.9216, 0.6357, 0.6231, 3.3631, 2.6889, 3.3718, 1.4586, 2.9852, 4.5042, 4.4957, 5.4028, 0.8091, 2.9367, 3.4789, 3.6561, 2.0975, 3.6534, 1.9156, 4.0196, 4.0569, 1.2559, 4.2003, 0.6685, 3.3933, 2.2802, 3.3906]
For Example 184, The full renyi 0.5 token for desp method is: [2.1308, 3.1850, 0.5943, 1.5526, 3.6953, 0.6564, 4.3278, 3.1343, 3.2283, 4.8697, 4.7769, 3.1235, 0.5885, 3.1453, 4.5684, 4.6979, 4.9821, 4.6930, 3.9351, 1.6786, 3.2406, 2.6192, 3.7995, 5.1015, 4.4313, 4.3744, 2.3015, 5.1172, 1.7330, 3.3526, 5.5461]
For Example 185, The full renyi 0.5 token for desp method is: [2.2644, 3.2593, 2.1121, 5.5112, 4.9093, 4.9653, 2.9032, 3.5695, 4.4054, 2.8132, 0.6407, 2.6240, 3.1687, 4.9741, 5.1671, 6.2349, 2.7898, 3.4969, 4.8175, 2.9486, 4.3570, 5.4659, 5.0346, 6.0269, 4.0037, 3.6394, 5.6281, 4.1687, 4.4798, 4.9109, 5.7029]
For Example 186, The full renyi 0.5 token for desp method is: [1.9410, 3.1665, 0.6007, 0.5939, 2.1041, 4.6014, 3.9070, 4.0348, 4.0317, 5.3412, 5.5945, 3.0080, 3.3988, 5.3192, 4.3392, 3.9146, 2.7986, 2.2814, 3.5954, 3.1143, 2.1204, 3.4625, 3.3342, 4.7660, 4.0077, 1.6815, 4.4236, 3.6322, 0.5841, 0.5678, 2.8583]
For Example 190, The full renyi 0.5 token for desp method is: [2.0968, 3.1788, 0.6116, 0.5967, 2.2330, 5.3096, 5.1365, 4.0499, 3.5523, 2.8543, 0.7661, 3.6175, 6.2653, 4.2327, 4.5527, 5.2405, 4.2816, 4.8337, 6.0565, 6.4540, 1.9035, 4.1171, 4.8298, 2.7859, 4.9529, 0.6671, 2.7255, 0.7280, 3.3706, 3.2987, 3.3581]
For Example 191, The full renyi 0.5 token for desp method is: [1.5731, 2.9745, 0.5893, 0.5850, 2.1362, 4.1877, 0.9350, 4.0486, 3.8913, 2.5408, 2.6397, 5.2419, 3.5037, 4.7970, 4.4960, 5.8256, 3.4584, 2.8599, 4.6631, 5.7729, 2.8645, 3.1678, 3.3799, 1.0325, 3.6584, 3.5820, 3.9101, 2.8885, 3.0361, 2.7786, 3.9297]
For Example 193, The full renyi 0.5 token for desp method is: [2.3959, 3.2097, 0.6104, 0.5910, 2.0355, 5.0468, 0.6330, 0.6283, 4.1847, 3.3977, 4.2802, 4.4105, 5.3303, 5.0252, 5.6764, 4.8132, 0.7764, 5.0435, 4.3932, 2.5338, 3.2039, 4.6173, 3.1782, 1.8444, 4.0060, 5.1020, 1.6419, 4.7986, 5.5944, 3.4673, 2.3285]
For Example 195, The full renyi 0.5 token for desp method is: [2.1278, 3.1008, 1.9312, 5.6847, 4.4016, 5.5890, 4.7356, 5.3018, 5.7178, 4.9498, 4.3205, 5.6092, 6.5136, 3.0046, 4.4238, 4.2308, 0.9766, 1.5688, 3.8890, 5.2525, 4.0456, 3.8062, 2.1652, 5.4025, 3.9919, 4.6894, 0.8724, 3.3856, 1.9963, 0.6255, 2.2629]
For Example 196, The full renyi 0.5 token for desp method is: [2.1469, 3.2006, 2.4825, 5.0941, 4.8426, 5.1773, 1.5752, 5.4805, 5.5434, 6.5319, 6.1033, 5.3255, 5.8544, 5.2418, 6.5858, 4.6066, 5.6026, 6.5160, 5.1077, 5.3568, 2.3774, 2.5880, 2.2375, 3.4767, 4.5746, 0.9208, 4.5659, 5.9194, 0.7374, 4.5656, 4.0656]
For Example 198, The full renyi 0.5 token for desp method is: [1.7870, 3.0220, 2.8943, 4.8759, 1.8636, 1.0387, 2.6868, 4.1018, 4.8744, 3.7609, 1.0099, 4.9384, 0.7139, 3.9889, 4.0478, 5.2500, 4.0888, 0.7414, 1.4695, 0.5823, 0.9809, 3.0035, 2.9786, 4.8692, 4.4098, 5.7850, 2.7923, 5.1004, 5.4347, 0.8689, 4.9716]
For Example 199, The full renyi 0.5 token for desp method is: [2.2101, 2.9032, 2.0216, 5.7899, 5.0964, 5.1103, 5.0430, 6.2513, 4.7104, 4.1733, 4.9167, 5.7270, 2.3678, 3.2484, 1.9754, 2.4046, 3.4481, 4.8414, 4.8475, 4.4603, 6.1868, 0.7213, 4.9031, 3.4961, 3.9440, 2.7445, 3.1155, 5.2110, 3.3119, 5.2844, 4.5080]
For Example 201, The full renyi 0.5 token for desp method is: [2.2746, 3.2608, 2.3682, 5.3277, 4.6184, 4.8303, 5.0396, 6.0113, 4.3551, 5.0537, 2.3036, 2.4092, 3.6502, 5.2639, 0.7171, 2.7941, 3.4318, 5.6799, 4.5191, 1.2082, 2.0584, 3.3114, 5.2238, 4.2425, 5.2284, 2.5913, 3.3911, 4.7550, 4.3501, 5.4987, 4.0358]
For Example 203, The full renyi 0.5 token for desp method is: [2.1231, 3.1612, 0.6020, 1.7171, 3.9982, 0.6788, 3.9781, 2.8181, 3.4617, 4.6285, 5.5921, 4.4686, 2.3624, 4.9393, 2.0351, 3.2026, 2.4244, 3.8233, 5.1455, 4.1744, 4.7314, 3.9381, 2.6899, 4.0516, 2.9775, 3.8345, 3.1939, 2.6924, 2.9000, 0.7601, 2.8522]
For Example 204, The full renyi 0.5 token for desp method is: [1.7264, 3.0473, 0.5997, 0.5894, 1.6190, 4.1469, 2.1395, 4.2945, 4.2750, 5.0533, 5.6504, 5.3613, 5.3007, 3.2575, 2.5665, 4.3193, 2.8116, 3.5576, 4.7517, 3.6049, 5.1797, 1.9586, 4.2573, 2.6507, 4.5120, 4.5714, 4.7034, 3.5935, 3.8306, 5.1357, 4.8971]
For Example 206, The full renyi 0.5 token for desp method is: [2.1534, 3.2880, 2.3663, 5.2147, 4.2732, 4.6038, 4.5229, 5.6275, 1.1011, 5.3191, 3.7991, 4.9714, 2.9750, 3.1584, 3.0959, 4.4984, 4.9172, 4.5674, 6.2839, 2.2625, 4.8338, 3.0492, 5.7067, 2.7227, 4.4885, 2.2054, 2.1544, 4.4607, 2.9699, 5.2484, 0.5677]
For Example 207, The full renyi 0.5 token for desp method is: [2.3449, 3.2283, 2.0573, 4.5847, 0.6638, 4.5681, 3.0645, 3.6429, 4.7755, 3.5932, 0.7169, 2.4163, 4.0670, 4.9829, 5.9255, 4.4534, 3.1320, 4.9012, 1.8690, 2.6831, 1.9976, 4.0388, 4.9193, 4.3589, 5.0560, 4.0741, 3.2154, 4.7717, 3.0189, 3.7882, 3.2691]
For Example 210, The full renyi 0.5 token for desp method is: [2.3262, 3.3400, 2.6055, 5.7495, 5.1932, 4.0914, 4.8331, 5.9951, 4.9712, 3.1194, 1.6978, 2.4837, 1.4193, 1.6979, 3.1530, 4.4447, 5.3437, 4.4006, 4.9977, 6.4916, 6.0146, 4.6609, 2.2801, 3.6549, 3.1201, 4.9307, 4.9715, 1.8020, 5.0346, 5.1031, 4.0455]
For Example 211, The full renyi 0.5 token for desp method is: [1.6976, 3.0213, 0.5994, 0.5846, 1.8224, 4.6859, 4.3971, 0.9779, 3.2113, 3.5614, 3.4019, 3.9521, 5.6287, 3.9844, 5.3218, 4.4713, 5.9703, 3.5726, 2.5055, 4.7914, 5.9508, 2.9599, 2.9914, 3.5741, 2.0661, 4.7391, 5.0411, 2.0368, 4.0092, 5.8051, 4.2381]
For Example 214, The full renyi 0.5 token for desp method is: [1.8065, 2.8614, 1.6251, 4.2323, 3.4375, 0.7178, 2.6921, 4.4283, 2.8883, 0.5936, 3.1135, 4.8985, 5.4890, 0.6933, 4.2945, 4.6684, 3.8332, 2.3163, 0.8845, 3.4616, 5.4767, 3.8804, 2.3561, 2.7542, 2.6694, 1.3091, 5.3584, 0.9338, 3.4971, 5.4484, 0.6836]
For Example 215, The full renyi 0.5 token for desp method is: [2.3960, 2.9481, 2.3713, 4.8032, 4.0922, 0.8636, 1.5384, 3.0158, 4.7739, 3.0932, 4.8316, 3.9557, 5.2912, 0.7145, 0.6018, 4.7741, 6.0259, 5.4558, 4.0667, 1.5095, 4.4603, 3.5398, 3.9135, 4.6869, 4.9521, 5.6463, 0.7198, 0.6200, 1.3182, 5.7388, 6.3217]
For Example 216, The full renyi 0.5 token for desp method is: [1.5920, 2.7649, 1.2663, 5.0391, 2.9846, 1.5153, 4.2331, 3.3897, 0.9410, 2.9746, 2.0203, 4.5026, 2.3542, 3.6225, 2.9034, 3.4282, 3.8421, 5.6021, 0.7226, 4.3551, 0.7930, 3.1582, 1.4953, 0.7988, 3.3406, 2.1882, 5.1768, 3.6940, 4.7217, 5.1979, 3.8588]
For Example 218, The full renyi 0.5 token for desp method is: [2.1323, 3.0636, 2.4678, 5.7869, 3.8505, 2.7454, 4.2676, 5.8277, 5.1124, 5.2991, 3.8287, 2.9928, 4.0127, 4.0157, 5.6729, 1.0022, 5.0702, 3.3037, 4.0298, 4.0353, 4.4290, 3.5621, 2.6708, 5.9615, 0.8364, 2.2435, 3.6722, 1.9776, 3.5377, 3.2430, 5.1518]
For Example 219, The full renyi 0.5 token for desp method is: [2.1391, 3.1804, 2.0052, 5.5955, 1.3009, 3.1748, 4.8452, 1.0410, 4.7214, 3.5119, 5.2441, 1.6418, 4.9274, 0.7478, 3.3478, 4.5677, 0.6297, 2.6696, 1.6783, 4.1075, 4.8876, 4.4405, 5.5696, 1.0794, 1.9479, 5.0999, 5.0408, 3.2501, 0.6569, 3.9949, 5.1556]
For Example 223, The full renyi 0.5 token for desp method is: [1.8938, 3.1186, 3.6287, 5.8576, 1.0998, 5.5563, 6.2554, 3.2405, 5.7699, 1.6385, 4.8295, 5.4291, 5.3559, 4.0935, 5.2255, 5.8635, 3.8025, 3.2627, 4.7495, 1.3571, 4.1715, 0.9766, 3.0084, 4.8986, 6.4034, 1.5072, 0.8903, 4.3996, 4.0952, 1.5023, 1.8785]
For Example 225, The full renyi 0.5 token for desp method is: [1.7159, 2.8700, 1.3224, 5.1292, 4.6111, 3.8587, 3.4388, 3.9683, 3.9460, 0.8052, 3.9155, 3.3502, 2.5056, 3.5655, 1.9586, 2.6276, 2.8181, 2.6167, 3.4608, 3.7479, 3.4393, 2.0044, 6.1892, 5.8592, 1.5388, 4.0475, 5.7036, 2.5807, 4.2473, 5.9318, 3.2896]
For Example 227, The full renyi 0.5 token for desp method is: [1.8939, 3.1441, 3.3193, 4.9079, 1.8218, 1.0334, 2.8552, 4.3425, 5.1598, 5.2671, 5.0765, 5.7544, 0.9602, 4.9710, 3.8635, 4.0895, 5.6150, 1.4893, 3.5229, 3.4652, 4.9608, 4.0126, 5.4104, 0.8997, 4.8439, 3.5444, 3.0678, 4.6900, 1.4489, 4.4649, 2.0038]
For Example 229, The full renyi 0.5 token for desp method is: [1.7915, 2.7750, 1.4913, 5.0314, 4.6901, 4.4454, 0.9724, 5.1717, 4.8355, 5.4061, 5.2090, 0.9583, 4.9207, 2.8634, 2.6388, 4.3288, 5.4145, 3.6907, 3.0654, 3.1231, 3.9977, 3.0457, 4.4758, 1.0782, 3.7514, 5.6821, 0.6738, 4.1643, 3.0346, 4.8225, 2.7096]
For Example 230, The full renyi 0.5 token for desp method is: [1.7836, 3.0580, 1.8975, 4.9484, 4.0347, 3.3806, 4.9170, 4.7428, 3.6806, 6.2087, 6.1363, 2.8306, 4.9853, 4.0866, 3.4191, 5.2412, 3.8134, 5.0228, 4.3966, 3.3459, 2.8414, 4.5704, 3.7662, 5.2054, 1.0926, 5.1030, 5.5006, 0.8388, 4.7343, 3.8036, 3.7281]
For Example 231, The full renyi 0.5 token for desp method is: [1.7765, 3.0463, 2.4718, 5.9488, 4.9630, 4.7107, 5.9770, 5.4598, 3.4673, 2.6195, 2.7418, 3.9252, 4.2559, 4.0805, 5.7570, 2.1510, 4.9045, 3.4022, 5.5134, 5.3335, 6.0505, 5.5893, 1.4213, 5.1642, 2.9677, 2.9637, 4.7395, 5.3171, 1.3331, 5.1107, 6.4984]
For Example 232, The full renyi 0.5 token for desp method is: [1.8482, 2.9719, 0.5858, 1.8638, 4.5682, 3.6146, 4.5755, 4.0297, 5.2180, 5.0629, 1.7565, 5.1524, 4.4569, 5.4758, 0.7660, 3.8875, 2.8924, 2.3116, 1.5961, 3.8716, 5.5540, 3.3725, 6.1764, 4.2601, 5.6053, 3.3990, 2.8177, 3.6176, 5.8793, 0.6241, 4.6958]
For Example 234, The full renyi 0.5 token for desp method is: [1.6189, 2.9135, 1.9817, 4.5825, 3.1326, 3.0883, 2.6834, 3.2576, 3.9462, 3.5351, 2.3318, 2.2763, 2.0293, 2.3913, 2.6480, 4.4819, 0.5863, 3.1613, 4.7387, 4.0018, 0.6136, 2.2374, 4.9283, 2.3039, 1.6484, 5.3969, 5.1910, 4.2366, 3.5212, 4.2135, 1.2660]
For Example 235, The full renyi 0.5 token for desp method is: [1.8376, 3.0565, 3.6163, 5.0862, 1.9149, 1.0870, 2.7457, 4.6829, 5.3279, 5.1007, 5.8304, 6.2184, 1.3878, 5.0430, 4.6318, 0.9450, 3.9533, 5.7500, 0.9960, 5.0087, 3.6531, 2.7352, 3.1226, 4.7854, 4.5054, 6.1094, 0.6634, 4.1905, 2.5433, 3.5025, 2.3906]
For Example 237, The full renyi 0.5 token for desp method is: [1.7781, 2.9167, 3.1282, 5.1544, 3.8427, 3.6765, 5.3319, 0.8840, 4.8126, 4.2151, 2.8346, 2.6806, 3.8101, 3.2998, 1.1831, 3.0760, 4.6058, 3.5843, 0.6350, 3.9152, 3.3771, 4.8824, 1.2294, 1.5811, 2.4166, 2.3676, 1.7846, 0.8543, 3.2829, 0.7563, 1.4309]
For Example 241, The full renyi 0.5 token for desp method is: [2.3432, 3.1993, 2.0424, 5.4711, 4.3616, 4.2324, 5.6956, 5.1495, 4.4484, 6.2751, 4.4073, 5.1423, 4.1424, 2.6461, 0.7798, 2.3433, 5.1662, 3.8168, 3.7235, 4.8376, 4.2010, 5.8808, 0.7388, 4.5385, 3.5980, 4.1911, 0.6574, 2.8678, 4.8245, 4.2339, 6.0530]
For Example 242, The full renyi 0.5 token for desp method is: [2.3436, 3.2317, 2.1099, 5.1106, 4.5827, 4.5250, 1.3699, 4.6906, 5.0071, 5.8705, 4.9419, 3.8517, 2.9894, 3.7236, 4.1025, 3.3341, 4.6030, 2.3991, 3.2761, 4.0903, 3.8643, 5.5329, 0.6746, 4.3799, 2.4185, 3.5864, 2.0972, 1.4530, 3.5930, 2.5390, 5.3927]
For Example 243, The full renyi 0.5 token for desp method is: [1.6823, 2.7317, 2.8863, 5.5528, 5.2562, 1.6823, 4.8208, 5.0417, 6.4887, 0.8631, 4.9799, 4.9129, 5.3933, 3.6545, 2.2931, 1.9319, 1.4304, 2.0839, 3.5862, 4.6164, 1.1315, 4.3835, 6.2341, 2.9891, 5.7894, 3.7156, 5.3900, 5.3316, 6.7454, 5.8708, 4.3235]
For Example 245, The full renyi 0.5 token for desp method is: [1.8124, 2.7173, 1.3881, 5.2638, 5.4148, 1.1037, 5.1319, 1.1686, 4.2752, 4.4413, 5.5691, 5.8580, 0.6375, 1.7088, 4.8628, 4.9339, 3.6563, 1.6896, 3.5629, 3.5424, 2.7691, 2.8423, 4.4658, 0.9170, 3.9924, 5.8915, 2.4123, 3.9217, 0.5800, 3.2594, 5.5469]
For Example 247, The full renyi 0.5 token for desp method is: [1.8939, 2.8784, 2.0497, 5.3796, 1.0057, 3.6358, 0.9718, 5.3520, 4.8029, 0.8537, 5.6384, 3.7848, 5.0890, 5.6962, 0.6694, 0.9601, 2.9772, 5.9494, 1.4572, 0.9551, 0.8144, 2.5511, 4.2965, 4.3965, 1.2131, 3.5441, 4.8874, 2.4663, 1.6307, 4.0406, 3.5492]
For Example 248, The full renyi 0.5 token for desp method is: [1.8399, 2.9625, 2.6685, 5.4068, 4.5303, 3.6574, 5.6425, 0.8978, 5.9273, 1.5783, 3.5178, 5.9716, 4.6460, 4.6299, 5.3301, 6.5428, 6.4107, 3.8938, 2.2022, 5.8850, 2.3430, 4.9710, 5.8111, 6.8281, 0.7216, 2.4433, 4.8407, 2.5958, 4.2202, 4.5349, 6.0697]
For Example 250, The full renyi 0.5 token for desp method is: [1.4545, 2.7378, 2.5971, 4.6780, 4.1602, 3.9200, 3.5372, 5.5582, 0.7747, 4.1094, 3.0369, 3.2895, 2.4003, 3.1515, 3.2682, 0.6495, 3.1756, 5.0853, 2.5927, 2.7194, 1.7834, 5.3218, 2.0553, 4.8166, 3.8709, 5.1200, 5.2091, 2.6427, 5.3673, 2.2133, 3.7894]
For Example 252, The full renyi 0.5 token for desp method is: [1.8848, 2.9307, 1.6855, 5.1289, 3.8770, 3.3320, 5.2734, 3.1731, 0.6086, 4.3281, 3.3963, 2.1591, 2.9069, 2.2421, 2.4985, 3.8813, 2.2863, 2.9396, 2.9568, 3.4709, 3.4774, 0.6069, 3.7355, 5.4389, 0.7291, 4.6902, 3.3759, 5.4771, 4.0305, 3.7322, 4.5960]
For Example 253, The full renyi 0.5 token for desp method is: [2.0500, 3.6232, 2.8806, 5.4685, 4.7469, 3.5149, 5.9211, 4.9803, 3.2529, 2.9663, 3.3093, 5.2444, 6.0205, 4.0730, 6.4964, 4.3324, 3.4469, 3.3011, 5.2624, 3.6919, 4.1197, 2.0030, 6.3149, 6.7065, 5.6777, 4.5960, 5.3768, 3.7726, 4.7286, 3.9824, 5.8329]
For Example 255, The full renyi 0.5 token for desp method is: [1.5140, 2.7601, 1.3461, 4.5845, 3.1196, 0.5896, 0.6679, 4.0940, 0.9668, 3.0521, 2.9372, 4.2537, 4.2504, 5.3143, 5.5092, 6.4351, 1.1375, 3.0739, 3.2789, 5.0675, 2.8746, 4.8006, 3.4344, 1.9260, 2.5762, 4.2835, 0.5879, 0.6155, 3.8079, 5.5997, 0.6639]
For Example 257, The full renyi 0.5 token for desp method is: [2.1855, 3.0483, 0.6069, 0.5940, 1.9631, 4.5893, 0.6466, 0.6446, 3.4937, 2.6864, 3.9804, 4.2906, 5.5309, 0.7645, 3.0520, 3.1679, 3.4067, 2.2766, 2.4677, 1.5786, 3.4687, 3.9545, 1.1801, 4.0539, 0.6474, 3.2772, 2.6539, 3.5481, 2.5536, 1.8019, 2.1051]
For Example 258, The full renyi 0.5 token for desp method is: [1.6699, 2.8852, 2.6164, 4.5250, 1.8006, 1.0401, 2.6362, 4.0731, 4.6828, 0.5788, 2.1696, 4.6266, 3.8402, 0.5969, 0.8447, 4.4093, 3.3634, 4.2204, 0.8828, 2.8002, 2.9761, 4.6454, 0.7395, 0.7481, 3.5077, 5.7304, 4.2654, 3.9781, 5.9409, 0.7501, 2.5500]
For Example 259, The full renyi 0.5 token for desp method is: [2.2449, 3.2993, 2.1650, 5.9606, 5.3513, 2.0303, 4.7912, 0.8361, 2.7072, 4.2439, 4.5055, 4.6068, 3.3116, 2.8104, 0.5808, 4.2861, 3.5537, 4.8781, 6.0808, 1.0338, 4.0351, 4.3884, 4.8736, 3.0405, 2.2288, 0.5815, 3.3004, 5.5882, 2.7111, 3.7550, 4.4369]
For Example 262, The full renyi 0.5 token for desp method is: [2.2349, 3.1667, 2.9118, 5.9484, 4.6072, 4.7933, 5.9951, 2.3289, 5.2335, 3.8986, 2.7738, 3.6292, 4.0376, 5.0333, 5.0670, 1.5362, 4.5124, 5.8150, 1.1054, 0.6030, 1.7883, 5.5292, 5.6017, 1.1670, 5.8764, 1.5234, 4.7433, 1.8110, 1.7348, 4.3951, 5.5994]
For Example 263, The full renyi 0.5 token for desp method is: [1.9938, 3.1307, 2.2265, 4.6188, 0.6943, 4.3981, 3.1472, 3.1843, 4.5981, 3.7110, 0.6846, 2.2049, 3.7507, 4.4167, 2.6739, 3.4364, 2.2414, 4.0950, 4.6734, 4.2439, 0.9770, 2.3054, 3.0826, 4.1780, 4.8811, 4.0573, 5.0689, 2.2582, 5.8157, 1.8367, 1.9600]
For Example 268, The full renyi 0.5 token for desp method is: [1.5237, 2.7253, 1.1023, 4.5781, 4.4373, 4.3564, 0.6765, 4.0333, 3.4087, 3.7473, 4.8392, 1.2982, 4.3907, 1.3372, 3.9776, 4.9200, 0.9887, 5.0667, 3.2178, 5.3229, 2.0006, 2.6018, 3.8007, 0.6499, 3.5080, 5.5068, 0.6728, 4.1628, 2.1391, 3.1277, 1.6973]
For Example 269, The full renyi 0.5 token for desp method is: [1.5411, 2.7464, 1.0763, 4.0271, 3.5143, 3.0869, 3.4752, 0.9414, 2.8245, 3.1962, 3.3457, 3.4264, 5.2503, 4.8012, 4.2573, 4.9179, 5.0423, 0.9746, 2.4303, 1.8466, 2.7634, 3.6724, 3.3680, 4.9670, 0.6531, 3.7871, 2.0307, 3.1518, 1.5952, 1.0395, 2.9960]
For Example 272, The full renyi 0.5 token for desp method is: [1.5556, 2.9002, 1.7936, 3.8100, 3.8555, 3.2196, 3.2348, 4.8875, 3.9098, 3.8650, 4.8297, 4.3209, 2.7886, 2.8789, 2.6043, 1.5836, 5.7038, 1.9008, 3.5679, 4.5852, 0.6669, 0.8076, 1.9606, 4.1942, 0.6218, 3.1389, 3.9612, 4.1512, 3.0655, 5.1914, 0.6717]
For Example 274, The full renyi 0.5 token for desp method is: [1.8073, 2.7554, 1.0396, 3.6462, 3.0144, 2.7634, 1.4585, 2.7097, 1.0277, 3.1392, 4.6694, 0.6958, 3.8269, 4.1839, 3.9726, 0.6283, 2.0442, 4.9267, 5.3441, 4.7647, 1.4975, 0.7399, 3.1105, 1.6329, 2.7722, 4.9933, 1.7680, 3.1584, 0.5862, 3.1807, 4.3442]
For Example 280, The full renyi 0.5 token for desp method is: [1.8280, 3.0025, 1.5863, 4.8107, 3.7995, 5.8135, 4.5798, 4.9332, 5.4486, 6.3306, 1.6954, 5.0301, 6.1132, 3.1917, 4.4936, 1.2294, 5.1874, 4.1519, 3.4327, 5.0694, 4.6272, 5.9890, 0.6388, 4.2212, 2.3601, 3.1726, 2.1704, 1.7126, 3.3779, 2.2434, 5.0440]
For Example 281, The full renyi 0.5 token for desp method is: [2.5074, 2.9864, 2.6764, 5.6532, 5.4979, 4.8681, 4.0909, 4.7628, 5.4376, 6.7470, 1.8144, 6.2817, 1.1216, 4.6400, 3.0814, 2.7551, 5.6660, 5.7753, 5.9587, 4.1336, 5.1549, 6.0192, 4.2268, 2.9948, 4.5254, 4.8230, 3.6592, 4.4024, 5.6625, 3.3787, 2.3848]
For Example 284, The full renyi 0.5 token for desp method is: [2.1557, 3.1066, 1.9324, 5.0154, 4.4096, 4.8630, 0.7334, 3.4037, 2.4626, 4.5732, 3.1450, 0.6652, 2.1171, 3.3866, 4.7810, 4.0659, 4.1758, 3.1867, 3.8834, 4.3916, 2.6917, 4.2455, 4.6327, 5.2099, 4.0899, 0.9783, 3.8267, 1.2897, 1.7196, 1.8436, 3.4700]
For Example 285, The full renyi 0.5 token for desp method is: [1.6221, 2.8107, 1.2016, 4.4837, 4.0382, 4.3531, 3.3494, 3.1648, 2.8275, 4.4722, 1.8980, 3.2314, 5.1829, 4.4999, 3.3563, 4.8234, 1.7619, 3.1251, 2.7512, 4.0822, 3.6728, 0.7612, 4.8589, 3.8747, 4.9552, 0.7418, 3.1618, 2.8799, 4.6963, 1.2512, 3.4078]
For Example 287, The full renyi 0.5 token for desp method is: [1.9466, 3.1340, 1.8592, 4.5921, 3.3119, 3.5624, 1.7423, 3.3870, 3.9058, 1.4292, 3.1779, 5.1797, 3.3315, 4.0449, 5.3375, 3.3644, 0.6166, 4.6942, 3.1997, 4.0467, 1.4668, 0.5679, 4.0480, 5.5878, 0.8040, 5.4606, 4.8625, 3.2789, 3.7019, 5.1690, 2.4980]
For Example 291, The full renyi 0.5 token for desp method is: [1.8564, 3.0911, 0.5890, 0.5798, 1.8046, 4.7928, 4.6204, 5.2309, 4.8343, 4.1744, 4.9095, 5.7924, 0.9711, 3.1149, 3.5568, 3.0999, 4.2275, 4.4208, 3.8355, 1.1386, 4.1553, 4.4904, 0.7667, 3.9466, 3.0068, 0.6924, 1.0049, 4.1197, 1.8995, 1.0067, 3.6487]
For Example 292, The full renyi 0.5 token for desp method is: [2.0455, 3.3773, 3.0682, 5.7406, 0.9504, 4.2469, 4.3258, 4.7924, 5.8278, 0.8273, 5.6326, 0.7306, 4.4842, 2.6222, 4.1009, 4.0632, 1.3495, 4.6791, 5.7615, 5.4615, 0.9313, 3.5121, 4.2512, 3.7653, 4.5418, 5.4083, 5.3415, 0.7349, 4.5154, 4.3814, 5.5965]
For Example 294, The full renyi 0.5 token for desp method is: [1.7618, 2.9301, 1.9301, 4.1082, 4.4080, 3.7452, 4.6024, 3.8886, 0.5950, 4.6265, 5.3416, 3.9786, 0.6459, 4.8783, 3.2914, 0.6024, 2.7917, 4.9010, 3.6310, 2.7715, 3.0593, 3.2175, 2.5473, 5.3721, 0.6368, 1.7003, 3.3380, 4.3714, 1.0721, 4.3561, 5.1717]
For Example 295, The full renyi 0.5 token for desp method is: [1.8588, 3.0661, 3.2143, 5.1222, 1.8639, 1.0414, 2.7104, 3.9659, 5.1044, 4.1532, 4.9369, 4.8391, 3.8830, 4.8249, 0.6383, 3.0123, 0.6138, 0.8139, 2.8250, 5.2879, 5.3098, 6.0245, 5.3897, 4.8617, 4.8140, 2.6432, 3.2927, 3.0626, 3.0121, 4.8830, 3.4985]
For Example 296, The full renyi 0.5 token for desp method is: [1.9274, 3.0741, 2.2961, 5.2300, 1.8382, 1.0902, 2.7162, 3.1837, 5.1261, 5.0316, 4.9818, 5.6213, 6.2256, 4.9572, 4.1098, 5.3721, 0.9004, 5.4400, 4.2225, 1.2512, 3.0725, 2.9174, 5.0614, 4.4052, 5.8583, 3.3551, 2.2791, 4.8518, 3.8919, 5.2447, 4.2519]
For Example 298, The full renyi 0.5 token for desp method is: [1.5707, 2.9528, 2.2069, 4.8247, 1.7619, 1.1852, 1.4413, 3.2388, 3.6414, 1.7812, 3.4398, 3.8662, 4.8995, 5.5810, 4.4439, 5.6896, 3.6717, 3.0437, 2.5520, 3.0486, 3.1804, 4.5127, 0.6009, 3.8856, 4.6772, 3.4511, 1.3241, 2.3561, 3.4532, 1.7024, 1.7527]
For Example 300, The full renyi 0.5 token for desp method is: [1.9783, 3.2229, 0.5939, 0.5788, 2.0072, 5.1415, 0.6755, 4.8680, 4.9124, 3.2886, 3.2366, 4.6681, 3.7584, 4.0279, 4.8548, 0.9880, 5.2932, 5.3621, 0.9867, 3.5591, 3.9027, 3.3382, 3.9864, 4.3732, 4.1654, 5.3292, 4.0407, 4.6896, 5.6687, 4.0129, 4.8309]
For Example 301, The full renyi 0.5 token for desp method is: [2.3726, 3.2411, 0.6135, 0.5907, 1.9417, 4.9793, 3.8759, 4.2696, 4.4877, 5.3898, 5.2815, 3.2731, 4.5114, 4.5312, 5.7316, 1.0588, 5.3799, 5.9363, 5.6801, 5.8322, 5.2574, 4.1854, 3.8211, 5.1667, 4.4831, 5.4041, 0.6549, 4.0866, 1.8056, 3.0175, 2.1790]
For Example 303, The full renyi 0.5 token for desp method is: [1.6943, 2.9533, 0.5930, 0.5798, 1.3586, 4.4955, 3.8581, 3.6117, 3.6654, 4.6399, 0.9904, 3.1351, 4.1256, 3.3173, 3.7097, 0.5829, 3.7147, 4.7879, 1.3310, 1.3553, 3.1801, 1.2755, 2.0040, 3.9392, 3.6430, 0.9943, 2.6241, 2.3952, 3.2856, 4.4081, 3.7433]
For Example 305, The full renyi 0.5 token for desp method is: [1.5688, 2.8722, 1.8463, 5.8875, 5.4940, 4.9494, 2.9875, 5.0103, 4.1843, 5.2520, 3.0731, 2.3728, 5.2568, 1.8236, 4.2283, 5.8867, 6.0602, 1.3011, 5.6282, 4.0747, 3.3461, 4.1399, 3.9937, 6.0835, 0.9433, 4.3134, 4.1167, 0.9994, 2.2567, 3.5379, 4.8558]
For Example 306, The full renyi 0.5 token for desp method is: [1.7707, 2.6462, 1.5586, 3.0176, 5.1986, 3.1356, 0.6054, 1.5042, 6.0132, 1.6501, 2.7688, 4.4219, 4.6524, 5.1772, 6.1618, 4.1615, 5.6388, 3.1907, 2.4697, 4.5770, 3.4969, 3.6571, 5.0539, 0.8388, 2.1928, 4.2969, 5.0615, 6.2780, 0.7687, 5.3031, 2.0883]
For Example 307, The full renyi 0.5 token for desp method is: [2.0538, 3.1422, 2.0877, 5.0936, 5.0177, 0.6943, 2.2734, 3.7306, 4.1185, 6.1101, 4.9417, 5.0267, 1.9770, 3.1348, 3.2364, 4.2666, 4.7282, 4.2663, 5.9312, 4.0138, 3.3978, 4.5367, 1.4224, 1.7764, 3.8419, 3.2931, 5.0453, 4.6323, 4.5583, 3.6805, 3.2259]
For Example 309, The full renyi 0.5 token for desp method is: [2.0868, 3.1345, 0.6051, 0.5882, 1.9096, 3.6761, 3.3599, 2.5725, 4.1000, 0.7807, 4.2455, 3.7872, 5.1622, 3.7987, 3.3122, 3.7487, 3.7089, 0.6158, 3.6327, 4.2404, 1.3377, 4.0186, 4.1580, 4.6372, 3.5778, 2.2198, 3.5649, 3.1872, 4.2407, 3.4894, 5.3010]
For Example 314, The full renyi 0.5 token for desp method is: [1.8947, 3.2452, 2.9873, 5.3152, 2.0015, 1.1241, 2.6504, 3.7017, 5.0609, 0.8281, 4.0473, 5.1986, 5.4827, 3.9789, 4.2632, 5.7097, 5.2365, 6.4492, 3.0857, 1.1190, 4.0404, 5.5360, 4.0635, 3.6735, 4.9855, 3.9274, 3.0304, 5.2617, 4.3551, 5.6049, 1.0010]
For Example 315, The full renyi 0.5 token for desp method is: [1.5229, 2.7696, 1.0584, 4.1607, 3.5899, 2.9158, 2.5971, 3.1547, 2.5519, 0.8722, 2.9874, 1.9989, 4.1670, 3.6820, 1.6447, 3.3051, 2.6135, 3.6478, 3.5321, 5.3132, 4.8239, 2.7158, 5.1052, 4.6912, 5.4028, 5.1154, 4.1518, 4.8778, 4.5542, 0.6257, 1.7021]
For Example 317, The full renyi 0.5 token for desp method is: [1.9056, 3.1169, 3.2326, 5.0909, 1.8816, 1.0377, 2.7736, 4.0855, 5.1385, 0.8824, 4.3071, 4.8872, 5.6704, 6.1284, 5.1327, 4.1285, 5.7217, 0.9596, 5.0354, 3.7786, 3.0194, 2.9099, 4.9405, 4.4374, 5.9376, 0.6521, 4.1059, 2.5816, 3.5138, 2.1643, 1.5596]
For Example 319, The full renyi 0.5 token for desp method is: [1.9700, 3.0574, 2.6021, 5.7286, 1.9134, 1.1334, 2.8773, 3.3363, 5.8833, 5.1284, 5.5310, 6.1785, 5.2153, 4.2262, 0.6404, 5.6149, 4.2477, 2.8800, 3.5637, 5.0102, 4.4793, 6.4215, 2.2658, 3.6400, 3.7501, 5.2537, 1.9364, 2.0577, 5.7227, 3.7267, 5.4713]
For Example 320, The full renyi 0.5 token for desp method is: [1.5165, 2.7195, 1.1259, 4.5515, 4.1168, 3.2392, 0.9532, 3.0858, 2.3880, 4.0749, 2.5359, 3.8475, 4.9487, 0.8831, 4.9413, 5.1270, 5.1842, 1.1069, 3.3896, 2.9344, 3.7440, 3.8610, 5.7402, 0.7188, 4.3073, 2.0144, 3.0645, 1.7929, 1.1782, 3.2373, 2.2910]
For Example 323, The full renyi 0.5 token for desp method is: [2.1580, 3.2457, 1.8345, 4.8322, 1.6221, 3.5987, 4.7140, 5.0171, 5.5517, 4.9346, 3.7206, 2.3063, 3.5396, 3.1569, 3.9536, 4.4929, 4.1559, 5.4004, 1.0981, 4.9450, 3.7978, 3.7909, 4.5717, 2.0980, 1.6745, 5.1577, 1.2297, 3.0544, 4.3503, 0.6438, 2.5805]
For Example 326, The full renyi 0.5 token for desp method is: [1.9500, 2.8837, 2.5259, 5.0021, 4.7222, 4.3800, 4.5098, 0.7505, 3.4331, 2.1453, 4.6567, 4.0744, 5.2789, 4.5228, 6.2925, 4.5912, 5.2403, 3.4759, 4.2261, 5.3285, 3.7426, 4.3578, 6.0625, 0.7089, 4.5677, 3.0394, 4.2511, 2.2474, 1.8859, 3.6872, 2.5329]
For Example 328, The full renyi 0.5 token for desp method is: [1.7834, 2.9322, 1.6469, 5.3547, 3.9017, 1.9864, 4.3536, 0.7895, 4.1919, 4.0710, 2.3775, 2.9453, 3.5854, 5.4370, 3.9537, 3.7097, 4.6777, 3.2530, 3.0576, 2.9563, 3.9030, 0.6835, 3.7715, 5.4968, 3.4669, 3.6578, 1.9692, 2.9933, 0.5826, 3.0949, 5.4344]
For Example 330, The full renyi 0.5 token for desp method is: [1.5544, 2.6794, 1.0639, 4.4748, 4.1813, 3.2016, 0.9112, 2.9271, 2.0432, 4.4689, 3.8330, 1.7561, 3.7270, 2.7634, 3.6867, 3.6210, 5.6663, 4.8296, 3.0221, 5.1556, 4.6415, 5.4600, 1.0224, 4.9004, 3.8713, 3.4938, 4.7933, 4.9501, 3.4889, 2.0561, 5.7458]
For Example 333, The full renyi 0.5 token for desp method is: [2.0533, 3.1071, 2.0588, 4.8581, 1.8262, 1.0399, 2.7876, 2.4783, 4.7858, 4.4904, 4.5858, 5.5836, 6.2395, 4.9193, 3.8125, 5.7308, 3.9621, 5.3475, 1.0348, 0.8234, 0.6540, 3.1019, 5.4955, 3.9249, 3.4978, 5.1653, 3.4834, 5.0473, 3.0234, 2.9508, 4.8691]
For Example 335, The full renyi 0.5 token for desp method is: [2.3160, 2.9876, 1.5080, 5.2872, 4.7097, 5.7630, 5.1015, 5.8727, 4.5823, 2.6745, 5.8742, 4.5337, 5.2963, 6.0843, 1.8470, 1.6018, 4.8258, 4.2658, 3.4607, 5.5439, 4.8698, 1.2838, 3.6026, 4.6818, 5.0065, 2.0338, 0.6548, 1.9005, 5.6494, 0.8517, 1.2398]
For Example 336, The full renyi 0.5 token for desp method is: [2.2505, 3.0769, 1.4788, 4.8196, 4.6641, 3.3624, 3.2831, 4.9172, 4.9464, 2.9914, 2.8612, 4.1260, 3.4161, 3.1502, 4.1962, 4.3875, 5.7653, 0.7178, 4.5168, 2.8219, 4.4651, 1.8053, 1.8068, 0.8783, 3.6497, 2.8588, 4.7078, 0.8775, 2.4914, 3.0512, 1.7872]
For Example 337, The full renyi 0.5 token for desp method is: [2.0328, 3.0887, 2.1507, 5.5749, 4.7749, 4.0828, 4.1428, 5.2863, 6.3114, 5.3429, 4.8750, 5.6346, 4.4410, 2.7171, 2.2217, 4.5635, 6.1660, 3.8196, 2.3351, 2.6726, 3.4117, 4.1250, 5.0232, 4.1939, 4.9492, 6.3765, 1.2012, 5.2042, 3.2038, 4.3088, 4.5290]
For Example 338, The full renyi 0.5 token for desp method is: [1.7511, 3.1680, 2.6801, 5.1575, 0.6801, 4.6291, 3.0342, 3.9980, 5.3395, 4.4620, 0.8649, 4.7260, 5.2179, 2.5709, 4.0170, 3.6262, 3.8621, 3.5336, 2.6884, 4.3332, 3.4723, 1.4399, 3.9669, 3.1658, 4.8740, 0.6018, 2.1307, 4.2139, 2.9295, 5.1315, 5.2345]
For Example 339, The full renyi 0.5 token for desp method is: [2.1910, 2.9802, 1.9046, 5.4619, 4.4278, 5.8094, 4.5295, 4.2382, 4.5361, 5.4223, 6.3849, 4.8675, 6.1650, 4.6787, 4.4924, 3.5921, 5.2514, 4.3643, 5.2507, 0.9684, 4.4278, 4.8291, 0.7549, 2.4365, 3.7627, 3.1827, 4.5222, 1.9954, 1.8379, 5.0730, 0.7157]
For Example 341, The full renyi 0.5 token for desp method is: [1.6697, 2.9052, 2.5352, 5.7624, 5.4124, 2.0597, 5.0169, 1.3132, 3.4942, 3.6673, 5.0903, 0.6890, 3.5062, 3.5366, 3.2696, 3.3935, 5.0668, 0.9441, 5.0156, 2.5778, 5.4010, 2.5932, 2.8953, 4.1855, 0.6529, 4.1893, 5.9752, 0.6727, 4.2992, 3.0359, 3.7813]
For Example 342, The full renyi 0.5 token for desp method is: [1.8092, 2.5933, 1.3803, 4.9921, 3.6360, 1.4617, 2.9925, 0.5841, 3.0963, 1.9166, 2.4894, 1.3251, 1.4718, 3.7551, 3.0469, 3.1839, 3.6730, 1.2694, 3.6330, 5.3058, 0.6470, 4.3465, 2.7231, 3.8821, 0.8524, 2.9756, 4.9300, 4.3156, 3.8178, 3.2883, 1.8875]
For Example 344, The full renyi 0.5 token for desp method is: [1.5316, 2.8462, 1.3400, 5.2994, 4.5924, 4.3426, 3.9213, 2.6762, 5.0780, 0.7094, 2.5901, 4.0555, 0.7024, 3.7709, 3.3408, 4.4684, 0.7228, 2.5240, 3.8621, 2.6159, 3.5228, 3.2426, 5.3241, 1.0152, 5.0703, 5.3967, 1.2066, 3.8909, 4.6332, 3.0076, 4.3422]
For Example 345, The full renyi 0.5 token for desp method is: [2.2124, 3.2381, 0.5923, 1.7358, 4.9138, 4.5444, 2.3275, 4.3401, 3.3969, 4.2711, 4.0862, 1.1176, 3.4679, 4.3285, 4.9067, 5.4405, 5.5565, 3.9826, 4.1343, 5.0675, 4.4975, 3.6194, 3.8809, 5.2747, 4.5395, 5.1034, 0.8787, 5.2712, 5.3661, 3.9755, 1.0651]
For Example 346, The full renyi 0.5 token for desp method is: [1.5939, 2.9168, 1.2052, 4.9168, 4.4623, 4.2386, 0.6009, 3.9548, 3.4323, 3.0407, 4.3166, 4.4145, 2.9161, 5.1132, 3.7330, 2.6008, 4.0042, 0.6487, 3.5127, 5.6202, 0.6841, 4.2939, 2.3099, 3.2523, 1.6954, 1.0543, 3.2774, 2.3103, 4.9631, 0.9970, 4.7934]
For Example 348, The full renyi 0.5 token for desp method is: [1.5428, 2.9276, 0.5914, 0.5840, 1.9246, 3.7920, 1.0684, 4.2596, 3.5363, 2.7076, 3.5999, 4.2184, 3.9218, 0.6162, 0.9576, 3.7755, 4.5360, 0.8330, 3.4652, 4.2903, 2.8912, 4.2523, 2.2428, 3.4512, 0.9909, 4.2751, 0.7563, 3.3227, 2.3993, 3.3748, 2.2570]
For Example 350, The full renyi 0.5 token for desp method is: [1.9923, 3.0036, 3.4801, 5.8065, 5.0663, 5.1676, 5.7328, 4.9027, 3.5212, 4.0050, 5.7867, 4.5794, 5.2943, 4.4583, 4.7731, 5.4014, 4.3981, 3.4375, 3.5963, 3.5848, 5.3552, 0.5822, 3.7067, 5.9692, 0.7083, 4.6719, 1.6401, 2.6849, 0.9457, 2.5751, 5.2340]
For Example 352, The full renyi 0.5 token for desp method is: [1.6829, 3.0000, 2.5178, 5.5256, 0.9102, 4.4146, 3.0564, 3.0269, 6.0151, 2.8716, 4.4682, 0.6152, 3.1705, 2.6390, 3.3434, 3.6957, 2.7482, 4.5634, 4.8165, 4.1397, 3.0365, 3.5297, 4.6160, 5.1520, 2.0906, 4.8509, 3.2510, 3.2209, 4.8781, 4.9632, 3.3524]
For Example 355, The full renyi 0.5 token for desp method is: [1.5999, 2.9887, 2.3599, 3.5702, 0.9538, 4.1431, 3.9490, 4.0005, 2.5283, 3.8227, 3.9783, 4.9672, 4.1753, 4.0959, 4.4508, 0.8650, 4.7141, 4.6946, 4.9131, 0.6542, 1.9234, 4.9872, 5.2237, 0.7867, 3.0281, 1.8442, 4.9884, 1.7328, 2.7477, 2.3345, 3.9540]
For Example 357, The full renyi 0.5 token for desp method is: [1.7512, 2.9117, 2.5968, 4.7329, 1.7808, 1.0091, 2.6996, 2.9782, 5.1166, 5.2109, 4.4961, 5.3975, 5.8978, 4.0650, 4.0946, 5.3793, 0.8881, 4.8028, 3.3473, 2.5819, 3.0472, 4.6787, 4.2434, 5.7372, 0.6360, 3.9513, 2.2475, 3.3799, 2.1997, 1.8898, 3.4908]
For Example 358, The full renyi 0.5 token for desp method is: [2.3063, 2.9807, 1.7401, 5.1731, 4.5900, 6.1165, 4.7862, 4.1986, 4.4744, 4.0957, 5.4336, 3.8302, 1.5630, 3.4590, 5.2089, 0.7343, 2.6768, 3.5236, 5.2686, 0.9301, 3.2868, 3.9357, 3.2480, 3.2323, 3.8553, 5.5892, 4.4961, 5.6544, 0.9545, 4.8487, 3.0940]
For Example 359, The full renyi 0.5 token for desp method is: [2.1216, 3.2625, 2.7167, 5.7315, 0.8272, 2.7656, 4.5026, 4.9839, 6.1537, 1.1597, 6.0300, 3.7702, 5.1087, 5.7836, 5.9302, 2.4182, 3.3752, 5.1261, 4.2560, 5.3462, 0.6729, 3.5478, 4.0708, 4.6583, 3.4463, 3.5525, 5.5670, 0.7567, 1.4960, 3.1292, 4.6266]
For Example 360, The full renyi 0.5 token for desp method is: [2.4083, 3.1675, 0.6308, 0.5940, 1.8165, 4.8054, 4.1799, 2.8667, 4.2008, 4.3339, 5.5132, 4.0663, 0.6876, 2.0666, 3.3738, 3.6486, 2.5701, 4.3033, 2.4672, 3.4653, 4.0806, 1.4141, 4.0380, 0.6664, 3.0506, 1.2939, 2.3343, 2.2290, 3.4581, 2.4901, 1.9314]
For Example 362, The full renyi 0.5 token for desp method is: [1.6355, 2.9228, 0.5873, 0.5823, 1.6899, 3.9256, 2.9549, 0.9148, 4.1536, 3.5711, 2.8998, 2.5715, 5.0843, 3.2586, 4.9033, 4.1269, 4.4222, 1.1238, 3.8148, 0.6948, 5.3697, 4.2409, 0.7516, 3.0821, 3.7118, 2.7409, 1.8392, 1.5592, 6.1062, 4.5962, 3.5975]
For Example 364, The full renyi 0.5 token for desp method is: [1.6170, 3.0585, 0.5998, 0.5894, 2.0878, 4.2536, 1.0865, 4.1743, 3.7002, 3.4494, 3.1949, 4.3507, 3.7751, 5.0906, 1.0221, 3.6397, 4.3349, 2.8794, 4.5564, 2.2803, 3.6776, 1.1152, 4.1543, 0.7133, 3.2956, 2.5121, 3.1585, 1.8098, 2.6500, 2.2708, 4.2685]
For Example 365, The full renyi 0.5 token for desp method is: [1.7127, 3.0853, 0.5976, 0.5920, 1.6207, 4.3741, 2.2057, 3.8494, 3.9738, 4.8630, 5.7655, 0.7131, 4.7450, 5.1977, 2.1793, 4.0911, 3.1799, 3.5010, 5.0081, 4.3656, 5.9246, 1.9265, 6.4079, 5.3165, 5.4136, 2.8258, 3.3619, 2.8239, 4.3676, 1.8027, 4.5644]
For Example 366, The full renyi 0.5 token for desp method is: [2.1893, 2.9830, 2.9189, 5.3058, 0.6633, 4.4961, 2.9117, 4.1083, 5.6229, 5.0412, 4.6134, 5.0050, 5.9384, 1.4117, 4.7080, 5.3941, 6.0839, 5.0866, 3.6189, 5.1313, 4.3252, 5.3994, 1.0466, 4.6919, 5.5701, 5.3230, 3.4479, 4.4169, 4.1229, 5.2032, 4.4658]
For Example 367, The full renyi 0.5 token for desp method is: [2.1872, 3.1053, 0.6196, 0.5896, 1.8073, 3.7860, 3.4649, 2.5499, 4.1546, 0.7989, 4.3513, 3.7794, 5.2669, 3.8943, 3.1735, 3.5296, 3.2795, 1.1431, 3.4112, 4.1788, 1.3091, 3.9921, 4.1129, 4.5844, 3.4833, 2.0756, 3.6166, 3.1058, 4.2097, 3.4461, 5.2833]
For Example 368, The full renyi 0.5 token for desp method is: [2.2742, 3.0131, 1.7734, 5.0591, 4.6068, 5.6452, 4.4670, 3.6119, 3.3066, 4.3234, 5.1926, 4.3154, 0.6933, 4.5677, 3.7299, 5.5137, 5.2021, 4.7094, 2.3740, 4.2974, 2.5078, 3.4212, 4.8267, 4.4596, 4.5456, 6.2206, 5.4980, 4.8475, 2.6245, 4.7871, 4.0071]
For Example 369, The full renyi 0.5 token for desp method is: [1.5731, 2.9988, 2.3617, 4.3535, 3.6580, 3.5343, 0.7112, 5.1781, 4.8969, 2.4722, 5.1423, 3.6167, 0.9671, 3.4228, 4.2729, 3.9124, 0.6247, 1.3999, 0.8336, 3.4890, 3.1749, 5.3265, 2.3077, 3.8706, 2.6258, 2.8987, 2.8293, 1.4461, 6.2195, 0.9886, 4.6220]
For Example 370, The full renyi 0.5 token for desp method is: [1.9033, 2.9957, 1.8434, 5.6668, 4.3639, 4.3140, 6.1041, 5.8897, 1.0704, 0.7898, 5.0233, 3.7624, 1.8728, 2.2967, 3.2342, 3.0730, 4.5985, 0.6884, 0.6426, 4.7245, 6.0635, 3.8050, 2.1756, 4.4949, 2.0785, 1.3638, 2.7561, 3.3833, 5.8078, 4.2070, 4.1243]
For Example 372, The full renyi 0.5 token for desp method is: [1.8347, 3.0913, 0.5939, 0.5905, 2.1704, 4.5022, 0.9770, 4.0462, 4.3479, 3.2572, 2.6460, 5.3754, 4.7387, 1.7252, 4.5391, 3.2346, 4.4196, 3.8669, 4.9524, 1.9630, 2.8510, 4.5266, 5.4269, 0.6587, 3.1030, 3.6436, 1.3320, 4.3082, 0.7124, 3.2908, 1.5031]
For Example 374, The full renyi 0.5 token for desp method is: [1.5929, 3.3812, 2.0522, 4.1755, 4.3600, 0.6311, 4.3223, 5.7738, 3.9885, 2.4334, 4.0178, 3.2448, 5.3293, 4.5836, 5.5391, 6.0764, 6.0171, 3.9551, 2.3780, 2.8331, 1.7258, 3.7543, 1.5479, 4.1001, 4.4827, 3.2373, 5.3010, 4.6648, 3.8651, 6.2690, 1.5731]
For Example 375, The full renyi 0.5 token for desp method is: [1.8828, 3.1463, 0.5989, 0.5852, 1.7925, 4.5038, 4.0151, 4.4724, 1.6192, 3.3854, 4.3592, 4.3960, 5.7722, 0.8518, 3.5350, 4.3886, 0.5699, 3.4566, 4.5303, 2.9845, 3.0218, 0.5655, 2.8776, 3.8763, 1.2441, 4.1848, 0.6679, 3.3494, 1.6271, 2.3974, 1.9877]
For Example 376, The full renyi 0.5 token for desp method is: [1.9821, 2.9789, 0.6037, 0.5863, 1.6884, 3.6142, 3.6132, 2.2779, 3.8257, 4.4932, 5.5572, 0.8293, 4.5975, 3.2434, 2.6764, 0.6227, 0.7968, 0.5643, 2.8502, 3.7553, 1.1921, 3.5101, 2.6924, 3.8181, 0.5810, 2.6787, 1.2726, 3.1813, 2.7773, 3.9671, 4.1057]
For Example 377, The full renyi 0.5 token for desp method is: [1.5555, 2.8509, 2.9520, 4.8375, 1.8576, 1.0308, 2.4261, 4.4697, 5.2648, 0.8699, 5.0820, 4.6898, 4.5628, 4.6579, 5.9122, 1.3033, 0.6658, 0.7291, 1.9005, 4.9228, 3.5608, 2.9957, 3.6563, 1.8982, 2.9168, 2.4570, 3.1188, 4.4484, 3.6267, 5.8197, 3.4628]
For Example 378, The full renyi 0.5 token for desp method is: [1.9553, 3.2759, 2.0680, 5.3098, 3.9642, 0.9970, 4.2136, 5.7281, 4.2632, 5.2463, 3.7562, 3.3141, 5.6916, 5.4021, 5.2867, 3.6525, 3.1309, 5.2125, 3.4109, 3.9059, 2.0464, 6.3447, 6.6060, 3.4838, 4.0311, 1.0159, 4.4136, 5.0842, 3.9440, 3.4767, 5.4628]
For Example 379, The full renyi 0.5 token for desp method is: [1.6471, 2.8534, 2.6137, 4.6589, 1.8060, 0.9865, 2.5426, 2.9224, 4.7674, 4.4253, 0.6668, 4.5645, 4.5493, 5.4799, 5.5042, 4.0678, 4.0368, 5.5360, 0.8314, 4.6691, 3.4853, 2.6249, 2.8586, 4.8150, 4.2506, 5.6009, 3.3987, 1.9969, 2.1496, 0.8647, 2.7855]
For Example 380, The full renyi 0.5 token for desp method is: [2.0264, 2.7324, 1.4044, 4.7036, 4.3143, 2.2181, 4.1532, 0.6093, 3.3690, 1.9313, 4.1896, 0.6673, 2.2822, 3.6380, 5.2139, 4.5206, 5.0934, 3.6046, 3.2256, 0.6034, 1.2959, 3.0961, 3.3365, 4.6623, 4.0199, 5.8062, 0.6797, 4.3611, 3.0286, 3.8651, 1.8810]
For Example 383, The full renyi 0.5 token for desp method is: [1.7589, 2.9830, 0.5813, 2.3126, 5.0134, 3.6139, 4.7228, 4.2040, 5.1176, 4.0929, 0.6741, 4.2969, 3.9562, 3.1917, 1.0587, 4.7976, 0.8375, 3.8263, 2.5441, 4.1654, 0.5753, 0.7263, 3.8400, 1.7979, 4.3947, 3.2630, 1.0378, 2.4065, 1.7871, 3.4123, 3.3959]
For Example 385, The full renyi 0.5 token for desp method is: [2.1307, 3.1793, 1.7193, 4.9013, 1.3274, 2.9542, 4.5146, 5.4912, 6.0179, 5.8052, 1.5451, 1.5974, 5.2069, 2.2867, 3.1475, 3.9893, 5.3216, 3.6994, 3.2986, 3.1914, 3.4326, 3.3978, 3.2099, 1.4377, 3.1677, 2.4841, 3.6250, 5.3737, 3.9779, 3.9358, 3.2255]
For Example 390, The full renyi 0.5 token for desp method is: [2.1945, 3.1984, 2.4413, 5.0915, 4.9559, 2.9732, 0.6223, 4.9480, 0.7274, 3.5263, 2.5043, 3.9110, 4.1400, 5.5753, 4.5476, 6.2693, 5.2271, 2.3907, 4.6116, 1.3933, 2.1215, 2.6137, 3.9106, 5.0530, 4.2800, 5.9248, 0.6654, 4.5582, 2.6962, 3.7907, 1.9770]
For Example 392, The full renyi 0.5 token for desp method is: [1.6027, 2.9884, 2.8603, 4.8016, 3.0773, 5.1420, 4.0783, 3.9148, 4.8413, 4.8209, 3.9430, 5.2425, 0.7600, 4.2508, 3.6877, 4.7719, 2.5701, 3.3740, 1.4416, 3.3312, 4.9311, 4.2038, 5.8329, 3.2025, 1.3875, 3.4974, 2.3186, 4.7864, 3.3581, 5.2814, 1.6147]
For Example 393, The full renyi 0.5 token for desp method is: [1.7474, 2.8855, 2.2344, 5.1231, 4.7657, 0.7337, 3.6163, 1.6132, 0.7325, 3.7540, 0.6102, 3.8901, 0.6501, 2.5363, 0.7501, 3.0809, 2.4488, 4.8400, 4.1489, 2.7329, 4.7401, 3.9669, 0.9816, 1.6309, 2.7266, 3.1951, 1.2105, 3.9250, 0.6573, 3.2651, 1.5236]
For Example 394, The full renyi 0.5 token for desp method is: [2.2280, 3.3323, 2.3526, 3.9632, 1.1669, 0.7671, 3.9822, 3.0543, 2.3946, 5.3852, 4.5871, 4.7172, 4.7111, 4.4068, 5.1954, 4.3302, 3.5169, 3.8425, 4.8673, 4.1297, 4.3433, 5.6843, 1.0951, 5.1681, 3.1196, 4.3209, 1.8424, 5.2589, 0.7429, 2.7741, 5.0810]
For Example 398, The full renyi 0.5 token for desp method is: [1.4999, 2.6835, 1.3051, 4.9415, 4.8787, 3.2527, 0.6664, 4.3716, 2.1408, 1.5091, 2.8288, 4.4097, 2.6780, 1.6571, 3.3311, 2.4738, 3.6982, 1.3520, 2.3088, 0.7016, 0.7948, 1.6839, 3.7792, 4.5093, 0.6453, 4.1176, 5.1844, 1.5537, 5.0859, 2.8875, 5.4568]
For Example 399, The full renyi 0.5 token for desp method is: [1.8475, 3.0162, 1.8917, 4.5489, 3.3423, 3.9477, 0.9023, 3.7448, 5.1016, 5.3903, 1.9046, 5.3962, 0.8371, 3.6474, 5.3678, 3.9265, 2.5658, 4.3963, 4.5810, 4.0354, 3.1444, 5.5629, 0.5699, 0.6388, 0.7093, 3.5224, 3.0557, 3.0457, 2.5214, 1.4499, 5.6055]
For Example 402, The full renyi 0.5 token for desp method is: [1.5857, 2.7283, 1.2046, 5.3086, 3.3296, 0.9011, 2.8856, 2.6381, 4.8666, 4.3165, 3.0939, 4.2133, 0.6697, 1.6865, 2.2244, 2.6642, 3.7059, 3.5856, 5.4172, 4.6213, 3.7489, 5.6857, 3.3206, 4.5068, 5.2517, 1.1129, 5.2840, 5.4604, 4.9278, 4.4665, 4.0834]
For Example 403, The full renyi 0.5 token for desp method is: [1.7462, 2.8593, 1.3344, 4.6176, 4.7244, 4.3688, 0.6066, 0.6054, 4.8240, 4.9478, 1.0061, 4.0077, 2.8231, 4.0937, 2.1775, 3.2792, 3.3518, 2.5942, 4.4702, 3.7569, 5.4528, 3.8346, 2.5398, 3.4712, 2.0257, 1.7380, 3.4712, 2.1817, 4.4503, 1.0448, 4.5336]
For Example 404, The full renyi 0.5 token for desp method is: [2.1285, 3.1859, 0.6004, 1.6194, 4.0046, 0.6800, 4.2483, 3.0028, 3.6666, 5.1761, 3.2129, 4.3104, 3.7455, 4.2873, 0.6898, 2.2379, 3.2232, 4.4170, 4.9655, 5.9888, 3.3121, 4.3232, 1.1653, 0.8495, 5.3420, 3.4915, 2.1117, 3.5278, 0.6588, 1.5815, 4.0381]
For Example 409, The full renyi 0.5 token for desp method is: [1.9143, 2.8505, 1.6497, 5.2049, 3.2998, 0.5968, 4.4881, 2.7621, 2.0572, 4.2444, 1.8920, 3.1650, 3.5145, 5.2677, 1.0202, 5.1520, 5.9013, 5.1829, 3.2779, 3.9834, 4.0608, 0.6082, 4.0813, 5.9250, 0.6806, 4.3340, 2.7942, 3.6061, 1.7712, 2.5043, 3.7952]
For Example 412, The full renyi 0.5 token for desp method is: [2.3354, 3.3249, 2.3070, 4.9100, 4.1363, 0.6864, 2.5242, 4.1441, 4.4518, 5.4604, 3.8480, 0.9055, 4.4971, 1.5582, 2.2532, 2.5997, 4.4509, 4.9962, 4.8048, 5.7290, 3.8732, 3.7826, 4.9418, 1.0563, 1.2343, 1.8056, 3.7785, 3.0346, 5.0274, 2.0287, 4.6394]
For Example 413, The full renyi 0.5 token for desp method is: [2.0638, 3.2254, 2.4043, 4.9736, 0.8198, 4.2401, 3.6826, 3.3399, 4.0868, 0.6274, 3.5666, 3.0742, 3.9927, 3.0564, 4.0001, 1.5233, 4.6674, 0.6778, 3.3533, 3.1179, 3.3365, 2.7482, 4.1246, 3.3659, 4.8575, 5.2235, 4.9794, 2.3247, 5.2073, 3.5587, 3.1158]
For Example 415, The full renyi 0.5 token for desp method is: [1.6328, 2.7474, 1.2442, 4.5313, 3.3985, 0.6078, 0.6805, 4.1397, 0.9623, 2.9470, 2.9092, 4.2384, 4.2845, 2.4626, 4.4269, 1.3110, 2.5095, 4.2420, 3.1086, 2.6101, 4.3442, 0.5875, 0.6088, 3.8321, 5.6390, 0.6712, 4.3761, 2.1124, 3.1624, 1.7775, 1.1346]
For Example 417, The full renyi 0.5 token for desp method is: [1.8935, 3.1120, 2.8894, 5.4735, 2.7852, 4.5664, 0.6277, 2.5117, 5.1048, 0.7518, 4.7841, 4.4311, 2.9551, 5.7169, 3.9261, 3.8433, 5.0259, 0.8523, 5.0731, 5.4974, 0.8369, 6.0108, 0.6864, 0.8714, 5.6778, 4.6716, 6.1960, 4.6690, 3.8789, 5.8594, 3.6432]
For Example 419, The full renyi 0.5 token for desp method is: [2.3386, 2.8420, 2.1824, 5.0923, 4.5675, 4.1378, 4.7017, 5.8688, 1.3934, 4.5500, 3.3789, 1.3774, 3.1196, 5.1617, 1.2265, 0.6941, 3.9874, 6.2909, 4.9885, 5.6738, 6.3941, 4.5848, 3.9876, 6.4224, 6.9717, 5.6256, 4.0018, 4.0497, 5.3956, 4.6685, 6.4527]
For Example 420, The full renyi 0.5 token for desp method is: [2.0946, 3.3139, 2.0760, 5.6952, 1.4764, 5.2147, 6.1604, 5.4333, 4.8186, 5.6966, 6.0357, 0.9995, 5.9069, 2.6977, 3.7944, 0.6313, 1.0489, 3.2492, 1.0695, 2.9911, 4.3160, 4.3912, 0.7669, 3.2506, 4.0358, 5.6279, 4.4497, 5.7930, 1.4328, 5.8426, 5.3319]
For Example 421, The full renyi 0.5 token for desp method is: [1.7617, 2.9917, 1.4763, 4.4931, 4.1304, 3.9968, 4.8856, 4.7051, 3.2126, 5.2960, 1.0293, 0.6939, 0.6179, 2.1907, 5.3237, 4.1393, 3.4741, 3.6814, 1.6174, 3.9762, 5.1524, 4.5727, 4.2779, 2.5200, 4.6760, 4.3098, 5.8569, 1.1608, 5.4767, 5.9806, 5.6109]
For Example 422, The full renyi 0.5 token for desp method is: [2.1069, 3.0210, 0.5985, 0.5866, 1.9465, 4.0539, 0.6507, 0.6104, 4.0290, 2.8439, 4.2312, 0.8187, 4.3795, 3.7363, 3.6245, 5.4108, 0.5940, 2.9665, 5.0496, 0.9758, 2.5851, 2.3625, 4.7220, 4.1379, 3.0936, 4.5563, 0.6183, 0.5824, 1.4290, 4.9917, 4.8485]
For Example 423, The full renyi 0.5 token for desp method is: [1.5165, 2.7276, 1.0012, 4.1963, 3.8127, 2.8674, 0.9008, 2.9785, 2.0614, 4.1987, 1.8661, 3.6210, 5.4753, 5.0211, 4.1906, 3.5563, 2.8818, 3.7025, 3.6020, 5.4575, 0.6940, 4.1049, 1.7717, 3.7903, 1.3573, 0.8543, 3.5109, 2.2483, 5.0329, 4.1246, 5.2044]
For Example 424, The full renyi 0.5 token for desp method is: [2.6654, 2.7912, 2.0245, 5.8704, 1.2589, 5.9274, 5.9066, 1.4228, 2.3528, 0.8471, 5.8955, 0.9911, 4.4262, 5.2373, 6.4359, 4.2170, 5.4033, 5.7893, 0.6528, 2.0270, 0.5871, 5.2749, 4.2740, 3.5637, 4.4046, 3.4653, 4.9640, 0.6136, 1.2234, 0.5675, 3.6764]
For Example 427, The full renyi 0.5 token for desp method is: [1.5636, 2.9653, 2.3315, 3.8285, 3.4712, 3.4196, 3.9302, 0.5758, 3.8322, 5.0480, 0.8497, 2.6739, 3.8410, 3.5384, 3.0994, 2.5058, 4.9289, 4.2025, 2.9374, 3.3021, 0.5921, 2.0839, 4.4967, 3.7301, 3.7219, 4.3107, 0.9172, 2.2506, 3.7083, 3.1076, 3.7441]
For Example 430, The full renyi 0.5 token for desp method is: [1.5857, 2.6869, 1.3224, 5.3229, 3.6457, 3.8375, 4.3016, 0.6050, 0.7331, 4.1056, 0.9820, 2.7273, 2.5760, 4.0070, 4.1526, 5.2888, 5.5949, 6.6185, 1.3395, 3.1514, 3.3104, 2.5380, 3.9623, 0.5946, 0.6079, 3.7796, 5.6609, 0.6624, 4.2416, 2.0499, 3.1103]
For Example 433, The full renyi 0.5 token for desp method is: [1.9811, 3.0251, 1.4998, 4.7574, 1.8106, 1.0575, 2.9735, 1.9975, 4.9907, 4.6229, 0.7850, 4.0530, 1.9993, 4.7246, 4.3517, 5.6641, 6.2077, 4.0611, 3.6418, 2.9363, 4.8269, 4.2072, 6.0867, 0.9677, 5.6505, 6.2221, 5.4465, 1.9473, 4.0035, 4.8841, 1.7672]
For Example 434, The full renyi 0.5 token for desp method is: [1.7885, 3.2461, 1.6071, 5.1324, 1.8148, 1.0216, 3.1215, 2.8334, 5.5055, 1.0013, 0.8388, 0.6821, 4.6810, 4.9046, 5.2413, 0.8251, 0.6075, 2.8980, 5.7649, 0.8649, 4.8819, 5.3382, 1.4933, 4.7740, 2.6662, 3.9128, 4.9298, 4.3491, 6.0028, 0.8906, 5.1529]
For Example 436, The full renyi 0.5 token for desp method is: [1.5221, 2.8696, 1.8630, 4.9947, 3.4994, 0.9208, 2.9765, 2.4610, 4.1938, 2.5575, 3.8304, 5.3193, 0.9016, 5.1339, 4.9618, 5.3955, 1.1378, 3.3891, 3.0051, 3.6520, 3.9029, 5.8280, 0.7169, 4.2929, 2.1543, 3.2690, 1.8878, 1.3936, 3.4638, 2.3131, 5.2333]
For Example 437, The full renyi 0.5 token for desp method is: [2.1770, 3.1465, 2.0691, 5.2263, 4.9283, 3.4553, 2.8029, 4.4697, 4.8139, 5.8544, 4.2648, 0.9616, 4.9792, 5.7198, 6.6958, 6.4204, 5.7911, 4.6925, 1.9163, 2.4793, 2.8450, 3.5806, 5.3481, 4.1239, 0.6777, 5.8820, 1.8834, 5.0810, 6.0957, 0.8594, 0.6236]
For Example 438, The full renyi 0.5 token for desp method is: [1.7234, 2.9349, 2.4933, 4.8975, 4.7121, 4.3217, 5.1441, 5.0741, 5.5162, 1.0007, 4.6564, 5.6708, 4.6085, 5.0279, 0.6393, 2.2972, 0.6169, 0.8521, 3.3246, 5.5141, 0.9395, 4.1944, 3.6408, 5.1799, 4.0524, 3.2188, 4.7458, 4.4883, 5.5296, 0.9204, 5.2625]
For Example 442, The full renyi 0.5 token for desp method is: [1.6104, 2.9272, 1.9251, 3.3887, 0.7650, 3.7563, 3.6938, 3.2744, 3.2376, 2.7133, 1.5408, 3.4199, 3.3126, 5.2350, 0.7292, 2.9819, 1.6696, 3.0305, 2.8413, 2.9740, 2.6936, 4.8384, 4.5064, 0.6700, 5.1424, 0.6438, 1.8740, 5.0808, 2.7882, 1.8550, 5.8590]
For Example 443, The full renyi 0.5 token for desp method is: [2.2344, 3.3870, 0.6081, 1.6880, 5.4936, 4.6300, 3.4267, 3.2487, 3.5316, 3.8397, 5.7365, 4.5291, 0.5752, 5.0111, 2.6772, 2.5137, 3.3927, 4.0487, 5.7432, 4.8351, 4.5128, 4.3848, 0.6167, 0.6325, 3.6147, 2.3012, 4.5611, 2.8096, 5.3877, 4.5536, 5.8916]
For Example 445, The full renyi 0.5 token for desp method is: [2.1482, 3.2188, 0.5989, 1.6101, 4.1327, 4.4112, 2.4001, 4.1226, 3.3012, 3.4608, 3.3841, 3.9681, 4.3780, 4.8739, 5.3976, 4.2684, 4.1732, 5.5103, 4.3032, 4.9775, 3.2267, 0.5959, 4.3388, 3.4256, 5.5650, 4.3837, 4.9741, 0.8247, 4.7966, 3.3442, 3.9042]
For Example 446, The full renyi 0.5 token for desp method is: [2.0736, 3.0387, 0.6023, 0.5883, 1.6770, 4.3467, 0.6120, 0.6227, 4.2061, 2.7427, 4.0441, 4.3087, 5.5684, 0.7912, 3.0007, 3.3970, 3.6174, 2.5248, 4.2542, 2.2876, 3.5658, 4.0116, 1.3484, 4.1027, 0.6779, 3.2815, 1.4933, 2.3285, 2.1390, 3.4507, 2.4627]
For Example 448, The full renyi 0.5 token for desp method is: [2.2694, 3.1374, 0.5992, 1.8683, 4.0646, 0.6808, 3.9906, 2.8696, 3.4044, 4.7909, 5.5856, 3.1061, 0.7281, 2.9328, 5.0211, 5.0233, 3.2830, 2.9364, 2.3475, 5.5686, 2.4787, 2.9929, 2.0161, 4.3534, 5.0560, 4.6196, 4.7667, 3.0131, 6.1242, 3.0823, 4.6504]
For Example 450, The full renyi 0.5 token for desp method is: [1.7936, 3.0386, 2.4767, 5.1659, 5.2224, 3.8278, 3.0782, 4.3362, 5.5179, 0.7899, 4.6106, 4.4521, 4.3520, 4.9429, 4.4708, 4.1096, 4.6454, 2.8759, 3.9812, 5.2945, 3.6780, 3.6584, 5.3307, 3.0679, 1.3767, 3.9375, 2.9731, 4.9087, 3.0753, 5.2586, 3.3548]
For Example 451, The full renyi 0.5 token for desp method is: [1.9806, 3.1071, 1.8091, 4.5239, 3.9065, 2.8566, 3.8691, 4.6687, 4.0106, 4.0117, 1.9131, 2.1863, 3.2443, 3.4149, 5.2209, 0.6157, 2.4748, 4.6404, 2.8340, 3.6665, 4.9541, 3.6990, 5.3821, 0.7472, 4.2959, 2.5029, 4.0841, 1.7707, 0.8671, 3.4079, 2.2763]
For Example 452, The full renyi 0.5 token for desp method is: [2.0281, 3.1735, 0.6031, 0.5913, 1.7766, 4.5817, 0.7503, 3.9590, 3.1168, 3.3189, 4.2077, 5.1946, 4.0148, 0.7263, 2.2382, 4.7503, 4.9051, 5.6251, 3.8493, 4.6451, 1.0793, 0.7512, 4.0833, 4.0538, 5.3038, 0.7363, 3.0330, 3.0564, 3.7608, 3.3867, 1.6711]
For Example 453, The full renyi 0.5 token for desp method is: [2.1272, 3.3079, 2.2132, 5.3468, 3.6644, 0.5763, 4.2830, 4.4421, 5.5492, 4.2253, 4.6426, 4.9038, 3.5916, 5.0917, 5.6194, 5.0334, 6.0322, 1.1341, 5.6901, 0.7322, 1.2967, 0.5817, 0.5898, 3.0961, 6.0047, 4.4032, 3.4075, 3.8214, 5.0073, 4.3927, 6.0253]
For Example 455, The full renyi 0.5 token for desp method is: [1.8759, 3.0751, 2.5139, 5.2696, 0.7659, 4.3957, 3.5780, 2.9016, 3.9275, 5.3985, 2.8239, 0.6001, 4.3789, 3.6554, 2.3944, 3.2249, 2.3490, 2.5906, 3.8489, 2.2926, 3.1214, 3.1399, 4.0788, 3.9108, 0.6232, 3.8075, 5.3950, 0.7375, 4.7314, 3.4987, 5.6497]
For Example 459, The full renyi 0.5 token for desp method is: [1.8742, 3.0920, 0.5955, 0.5808, 1.9470, 4.9887, 4.2625, 0.6843, 2.0581, 0.6742, 3.1665, 4.2734, 3.1329, 4.8490, 4.2800, 4.2174, 4.8546, 0.9844, 5.1213, 4.3855, 3.7586, 4.0847, 4.4727, 4.1538, 5.4258, 1.3733, 1.3726, 5.9270, 5.6525, 1.3209, 4.0811]
For Example 461, The full renyi 0.5 token for desp method is: [2.2238, 3.3637, 0.6126, 1.7188, 4.7233, 0.8670, 3.8310, 1.5018, 3.3751, 4.6417, 3.8806, 1.2115, 3.3228, 5.2177, 4.8245, 5.3004, 3.3563, 4.5055, 0.7820, 0.8642, 2.8383, 5.0736, 2.8729, 3.0176, 4.4213, 5.2575, 4.5989, 0.5867, 4.4716, 5.6839, 0.9267]
For Example 462, The full renyi 0.5 token for desp method is: [2.1783, 3.2750, 1.7852, 4.8808, 3.2054, 3.7365, 2.2772, 3.9746, 4.1048, 3.1477, 0.7389, 3.1955, 5.5776, 5.5073, 5.3443, 0.7238, 0.7555, 5.4451, 4.2460, 3.6482, 0.6964, 3.5200, 1.1216, 2.4559, 3.1087, 5.2990, 3.0820, 5.1435, 0.6412, 3.3612, 4.5463]
For Example 464, The full renyi 0.5 token for desp method is: [1.9258, 2.9470, 1.3138, 4.5468, 4.7542, 5.1476, 4.1758, 3.0129, 5.0736, 5.3648, 5.9408, 4.5997, 4.1592, 5.6847, 4.2874, 3.5669, 5.5518, 1.1522, 4.1205, 2.7191, 4.4489, 4.2758, 5.6507, 3.4132, 2.1930, 2.0933, 0.8911, 3.1680, 1.9493, 5.1237, 3.2651]
For Example 468, The full renyi 0.5 token for desp method is: [2.3506, 3.2649, 2.3688, 3.7605, 1.2016, 0.7969, 3.9476, 2.9647, 2.7800, 5.6485, 4.9360, 5.6636, 5.9808, 5.4094, 5.7234, 0.6843, 1.8996, 3.9977, 0.6059, 4.2763, 3.8050, 4.2975, 4.4230, 5.0954, 3.3154, 3.2458, 5.2836, 3.9122, 4.7708, 4.7614, 1.8979]
For Example 471, The full renyi 0.5 token for desp method is: [2.1478, 3.1169, 2.1487, 5.3780, 5.3320, 3.3840, 3.5754, 3.3412, 3.4490, 5.4937, 5.1153, 5.8045, 6.3111, 4.6097, 1.7491, 2.2158, 2.9021, 3.4646, 5.1746, 4.3480, 5.2474, 0.6603, 0.6420, 2.8120, 5.2681, 3.7925, 4.3544, 2.1176, 4.7230, 0.6093, 0.6960]
For Example 474, The full renyi 0.5 token for desp method is: [1.8306, 3.4889, 2.3722, 5.8339, 5.4480, 1.1436, 5.5626, 5.4716, 0.7292, 4.3764, 4.7659, 5.4279, 5.8449, 2.0719, 5.5295, 5.2374, 4.7167, 2.4808, 1.0447, 4.9723, 2.8957, 4.0933, 5.4350, 0.6273, 3.2592, 5.8384, 3.9969, 4.5267, 6.1972, 0.7288, 4.0277]
For Example 475, The full renyi 0.5 token for desp method is: [2.0433, 3.2652, 1.7931, 4.7797, 1.9020, 1.0494, 3.0485, 2.2003, 4.9332, 4.4780, 4.0993, 5.3342, 6.0429, 3.9390, 3.7899, 5.5812, 3.9297, 5.9840, 1.1696, 3.4887, 3.0032, 4.7751, 4.3988, 5.9349, 0.9630, 5.6569, 6.2775, 4.9210, 2.9366, 4.4101, 4.7055]
For Example 476, The full renyi 0.5 token for desp method is: [1.7262, 3.0306, 1.8111, 4.8050, 3.7084, 5.5294, 4.7522, 4.8437, 5.0107, 0.7034, 1.1291, 6.2373, 0.8145, 4.4819, 5.1532, 4.9765, 5.8936, 5.1259, 4.2871, 1.5238, 2.8919, 2.9218, 5.0487, 3.7633, 4.8264, 3.2605, 1.5794, 4.1197, 2.5561, 4.5801, 2.1712]
For Example 477, The full renyi 0.5 token for desp method is: [1.7046, 2.7363, 1.5122, 5.3803, 3.5102, 4.8998, 3.4526, 2.8589, 4.3152, 4.1919, 3.7381, 3.4106, 5.5151, 5.5723, 5.8802, 4.7697, 4.8141, 4.8133, 2.6395, 2.8336, 3.8780, 0.8030, 3.9048, 6.0153, 0.6996, 4.6949, 2.8656, 3.2724, 1.9626, 0.9621, 2.8084]
For Example 479, The full renyi 0.5 token for desp method is: [2.0320, 3.2474, 0.5975, 0.5843, 1.9415, 5.2861, 3.8858, 0.8038, 4.1757, 4.1976, 3.9061, 4.9079, 3.4009, 4.9664, 4.7215, 6.1879, 4.7946, 4.8596, 1.9922, 1.1938, 2.7191, 4.3401, 5.7814, 3.9090, 2.4977, 0.7256, 1.1007, 1.4293, 4.4109, 5.0463, 0.7843]
For Example 480, The full renyi 0.5 token for desp method is: [2.4437, 3.1146, 1.7709, 5.2602, 4.4067, 5.8256, 4.4602, 4.0194, 3.9290, 4.1155, 5.8486, 4.9401, 5.9793, 4.9751, 4.9114, 1.9743, 2.7926, 2.7880, 3.4065, 5.2851, 4.3155, 3.7655, 2.2532, 5.1714, 5.5198, 3.7123, 2.2573, 2.0859, 3.4687, 5.4392, 5.5559]
For Example 481, The full renyi 0.5 token for desp method is: [1.8653, 3.3147, 3.3540, 6.1933, 1.9549, 1.0990, 3.3234, 4.4664, 6.4555, 4.5283, 5.3202, 6.1746, 1.7430, 6.3633, 1.7016, 2.1408, 6.0300, 1.0069, 4.6563, 6.0663, 6.1712, 6.7356, 1.6998, 1.0573, 6.4727, 1.3629, 4.7164, 5.8744, 3.6099, 3.0330, 4.7277]
For Example 482, The full renyi 0.5 token for desp method is: [1.8193, 2.9193, 1.9010, 4.8707, 4.0419, 3.3726, 3.4503, 2.1528, 5.1194, 0.7793, 0.7911, 1.9654, 3.5544, 2.2867, 0.6465, 1.6777, 3.1484, 3.9148, 3.1611, 4.1554, 0.6535, 1.9465, 3.6658, 2.8800, 3.4710, 3.4572, 5.2405, 0.6998, 4.1326, 2.7462, 1.4345]
For Example 484, The full renyi 0.5 token for desp method is: [2.1434, 2.9290, 1.6290, 5.3112, 4.6752, 5.8809, 4.6158, 3.5624, 3.5905, 5.2070, 6.2494, 5.4531, 6.3490, 0.8142, 4.1152, 3.3564, 0.6826, 3.3171, 3.6467, 3.9453, 4.6877, 4.1122, 5.1867, 6.4591, 2.5221, 4.4123, 2.7942, 4.9842, 4.7687, 4.2098, 3.5143]
For Example 486, The full renyi 0.5 token for desp method is: [1.3995, 2.8388, 2.6684, 4.9552, 4.0678, 3.7550, 5.7662, 0.9559, 5.3577, 0.7285, 4.6893, 5.0608, 5.0382, 3.4653, 4.5155, 0.8240, 3.2239, 5.5477, 1.9334, 2.5058, 3.5567, 1.1547, 4.2331, 5.1096, 0.7572, 4.5125, 3.4266, 2.6714, 4.7083, 3.6910, 5.1816]
For Example 489, The full renyi 0.5 token for desp method is: [2.2153, 3.1290, 2.4483, 5.0739, 1.9121, 1.0755, 2.9979, 3.0504, 5.1148, 0.9129, 4.2447, 4.2730, 5.8035, 6.4402, 2.3667, 5.3160, 3.9282, 5.7037, 0.9174, 5.3063, 4.0839, 2.4697, 3.0640, 5.0744, 4.5141, 6.1659, 0.6577, 4.0933, 2.2239, 3.5539, 2.3350]
For Example 492, The full renyi 0.5 token for desp method is: [1.8666, 3.2012, 2.0224, 4.9404, 4.6851, 0.9145, 4.2873, 4.5548, 4.0183, 4.3398, 3.8015, 5.3471, 4.5364, 5.7260, 5.1501, 3.5985, 2.9332, 4.2182, 0.7561, 3.6953, 2.4824, 2.0989, 4.0901, 5.2179, 0.9759, 4.1598, 4.5053, 5.3798, 1.3582, 1.4810, 5.6945]
For Example 493, The full renyi 0.5 token for desp method is: [2.0709, 3.1360, 0.6045, 0.5910, 2.2793, 5.0354, 0.6524, 4.7843, 5.1027, 3.7318, 4.7407, 4.4381, 4.7562, 1.0441, 5.2785, 3.8495, 5.8170, 3.0847, 3.9474, 5.6211, 4.3995, 5.4786, 0.7481, 2.9800, 5.0057, 3.1686, 5.2493, 4.7405, 3.4242, 2.9816, 4.7582]
For Example 497, The full renyi 0.5 token for desp method is: [1.9263, 3.1544, 2.0925, 5.0898, 4.3839, 4.3230, 5.2477, 6.2991, 4.9956, 0.6859, 4.3745, 5.7214, 6.4355, 1.5068, 3.3049, 5.6401, 6.2581, 2.7587, 5.6352, 2.5523, 4.5251, 4.8228, 4.4063, 4.7143, 5.6739, 6.5342, 6.4648, 2.2014, 4.7957, 6.1213, 1.1386]
For Example 498, The full renyi 0.5 token for desp method is: [2.0915, 2.9879, 0.5983, 0.5930, 2.0968, 4.7927, 2.2254, 4.3221, 4.0834, 4.7469, 5.8263, 1.0154, 5.0479, 0.6564, 2.1746, 4.1174, 2.6372, 3.2107, 3.3997, 4.0460, 1.3293, 4.2902, 3.8911, 4.4710, 0.6570, 3.9807, 1.7129, 4.1116, 3.3526, 4.5476, 3.7228]
For Example 499, The full renyi 0.5 token for desp method is: [1.9562, 3.0771, 0.5919, 0.5825, 1.9096, 5.0650, 4.8557, 5.6095, 5.2689, 4.0399, 5.2295, 6.0617, 4.0440, 0.6060, 3.5787, 5.5871, 3.7962, 6.0531, 1.4582, 0.6348, 3.2205, 5.0686, 6.1001, 4.6500, 3.8323, 1.3848, 3.9398, 3.8892, 4.3104, 2.1654, 2.9243]
For Example 501, The full renyi 0.5 token for desp method is: [1.7030, 3.0655, 0.6038, 0.5896, 1.9357, 4.3775, 1.1438, 4.0061, 3.9080, 3.0285, 2.5634, 4.1374, 3.9746, 5.0475, 0.5870, 3.9035, 1.0589, 3.8913, 3.6656, 4.6931, 5.9813, 3.5351, 4.8848, 2.9892, 1.2017, 3.7028, 1.2166, 4.2432, 0.7537, 3.3641, 1.6314]
For Example 502, The full renyi 0.5 token for desp method is: [2.0154, 2.9540, 1.9093, 6.0535, 5.8216, 6.2004, 5.2510, 4.3391, 5.8493, 5.3098, 4.8344, 6.4496, 2.3405, 4.6571, 4.5246, 5.7537, 3.6457, 5.1528, 5.1468, 5.7977, 4.2341, 1.0209, 3.9101, 2.8822, 4.2091, 4.8937, 4.3285, 5.6014, 3.5033, 3.2726, 5.1312]
For Example 509, The full renyi 0.5 token for desp method is: [1.7080, 2.8386, 1.4473, 4.7339, 4.2040, 4.0284, 4.7530, 4.7783, 3.0767, 5.0479, 0.8203, 0.6716, 0.6111, 1.9246, 4.9561, 4.1110, 2.9562, 4.1951, 2.1444, 3.0860, 3.7558, 2.7479, 4.4005, 3.9033, 5.5632, 0.6498, 4.1269, 2.5334, 3.7916, 1.7360, 0.9909]
For Example 510, The full renyi 0.5 token for desp method is: [1.9824, 3.2210, 2.5344, 4.7784, 5.1334, 3.1572, 4.3499, 5.2031, 1.0100, 2.1460, 4.6323, 5.5159, 5.9052, 4.1283, 0.7381, 1.9604, 4.2314, 1.7020, 2.2971, 2.3837, 4.4831, 4.6527, 2.0593, 3.5886, 3.8173, 5.2037, 1.0222, 5.5543, 5.5536, 2.2833, 4.5899]
For Example 511, The full renyi 0.5 token for desp method is: [2.1999, 2.7524, 1.7004, 4.5816, 5.0264, 1.3899, 1.0494, 2.9392, 4.3460, 5.5291, 0.5795, 0.9571, 4.6350, 2.1166, 3.1117, 5.5484, 2.8165, 1.7807, 2.3904, 1.3182, 1.5236, 3.4788, 2.6132, 3.9973, 5.0952, 0.6109, 0.9185, 5.0098, 1.2069, 5.9843, 6.4634]
For Example 514, The full renyi 0.5 token for desp method is: [1.8800, 3.0419, 2.7902, 5.5627, 1.9157, 1.1023, 2.7132, 3.2457, 5.3587, 4.5020, 5.2543, 5.2636, 4.9417, 4.5405, 5.7324, 4.6677, 6.4109, 1.8981, 3.7361, 5.6362, 4.0865, 3.0508, 4.3677, 3.7906, 2.8029, 4.9902, 4.5429, 6.0001, 0.6604, 4.4941, 2.7259]
For Example 515, The full renyi 0.5 token for desp method is: [1.9871, 3.0882, 0.5912, 1.9582, 4.4526, 0.6802, 4.2365, 2.9425, 3.8711, 4.4824, 0.8705, 3.4559, 4.3696, 3.0808, 1.8084, 2.8178, 4.5211, 4.8798, 5.5964, 4.7001, 3.7728, 2.7088, 4.2934, 4.6844, 3.9793, 5.4884, 4.6756, 5.3788, 4.4744, 4.6739, 0.7813]
For Example 516, The full renyi 0.5 token for desp method is: [2.1530, 3.2953, 2.4165, 5.1727, 5.3126, 0.7336, 2.5463, 4.2428, 4.5677, 6.0193, 4.7961, 1.0485, 4.7665, 1.6290, 2.1880, 2.6091, 4.6522, 4.9437, 4.8676, 5.6198, 3.6183, 3.7199, 5.8124, 0.8200, 0.7442, 4.2431, 4.9063, 5.0158, 6.1106, 5.7166, 4.5833]
For Example 517, The full renyi 0.5 token for desp method is: [1.9577, 2.8956, 2.1179, 5.8648, 5.7577, 5.5192, 2.2471, 5.7560, 5.4679, 3.6816, 3.0189, 5.0847, 5.3803, 0.7498, 3.9353, 2.7094, 4.3802, 0.6614, 1.9102, 2.3965, 3.3578, 5.2454, 4.3284, 5.5828, 0.6580, 4.4744, 0.8612, 2.5715, 4.0666, 3.0197, 0.8128]
For Example 520, The full renyi 0.5 token for desp method is: [1.8377, 3.0831, 2.1949, 4.9488, 4.2873, 5.1709, 6.0651, 5.2767, 5.8433, 1.1148, 2.0771, 4.3290, 0.6516, 4.3782, 5.4481, 4.6198, 1.7391, 5.0237, 0.7522, 4.1089, 3.3503, 3.6001, 4.9701, 4.7876, 5.6265, 3.3401, 3.0592, 5.3197, 3.8703, 4.6196, 1.0320]
For Example 521, The full renyi 0.5 token for desp method is: [2.1330, 3.4082, 2.4133, 5.6284, 4.8933, 4.6554, 5.0534, 6.2468, 4.3325, 5.2127, 4.9180, 2.9696, 4.8105, 5.9304, 5.0821, 6.3030, 5.8756, 0.7642, 0.9205, 0.5859, 0.5759, 4.0293, 4.4485, 4.6978, 4.5857, 5.2327, 3.3811, 3.1392, 4.7540, 0.6960, 1.5416]
For Example 525, The full renyi 0.5 token for desp method is: [1.3345, 2.6676, 1.1537, 4.3573, 2.9281, 3.7409, 1.1022, 4.3083, 4.6071, 0.7540, 4.5645, 0.7116, 3.4533, 3.7382, 3.7352, 4.7812, 0.6040, 0.5824, 3.2666, 4.4051, 2.3731, 1.1192, 1.2460, 1.6608, 3.1228, 3.7678, 4.3512, 1.0243, 3.5387, 3.1730, 4.6083]
For Example 529, The full renyi 0.5 token for desp method is: [1.9367, 2.8816, 1.6878, 5.4603, 4.5504, 3.2028, 5.5529, 3.8563, 1.6396, 4.8234, 5.0425, 4.0334, 4.2846, 5.2115, 5.4045, 0.6505, 1.5161, 3.9015, 3.1058, 5.4492, 6.1537, 2.7804, 2.4167, 4.7847, 4.9953, 6.3291, 6.0782, 3.4460, 4.2919, 5.5224, 4.4196]
For Example 531, The full renyi 0.5 token for desp method is: [1.8970, 3.0348, 0.5810, 2.0741, 4.9821, 3.8303, 3.7383, 4.3242, 2.3446, 4.2043, 4.2000, 5.4455, 0.9048, 3.6183, 4.4072, 4.1699, 0.6782, 2.8603, 5.9546, 4.2871, 1.3534, 2.4267, 2.9301, 3.2178, 3.0069, 1.4717, 5.6753, 4.2657, 3.2024, 5.1774, 5.2369]
For Example 532, The full renyi 0.5 token for desp method is: [2.0153, 3.2826, 3.3136, 5.1143, 2.0171, 1.0944, 2.9759, 4.3360, 5.2656, 4.2371, 4.8312, 5.8949, 6.2635, 1.5761, 5.0445, 1.5847, 4.8023, 3.6103, 3.7592, 4.9089, 4.4851, 5.9195, 0.6584, 4.2596, 2.6811, 3.5477, 2.3327, 1.5200, 3.3800, 2.3980, 4.9222]
For Example 535, The full renyi 0.5 token for desp method is: [1.8886, 3.3073, 1.9750, 5.1338, 4.8774, 0.7074, 2.2200, 4.2494, 3.8077, 5.8723, 0.9365, 4.5597, 1.3938, 3.4817, 3.8106, 3.7359, 1.7277, 1.9858, 3.2499, 4.0858, 4.6648, 2.4548, 4.4245, 0.6165, 4.1503, 4.4066, 6.1120, 4.1143, 5.3562, 2.2698, 5.2983]
For Example 537, The full renyi 0.5 token for desp method is: [2.2222, 3.3962, 2.3889, 5.0412, 4.3367, 0.7018, 2.9461, 4.0808, 4.6705, 5.7892, 4.1952, 0.9554, 4.4147, 1.5629, 2.1817, 2.5797, 4.3232, 1.3249, 3.8213, 3.0914, 4.0659, 1.7939, 1.5955, 4.0969, 2.1059, 0.7819, 3.2443, 2.7215, 4.8060, 4.5584, 1.4692]
For Example 544, The full renyi 0.5 token for desp method is: [2.0292, 3.5538, 2.5563, 5.8361, 4.7480, 4.5957, 5.0664, 5.3501, 6.3413, 5.1655, 4.1993, 2.6507, 2.8645, 3.5120, 5.1012, 4.8420, 5.8579, 3.9815, 1.9714, 3.3180, 2.1071, 2.0227, 5.0781, 2.8075, 5.5957, 2.1380, 4.8994, 4.9909, 4.9785, 4.6618, 3.8653]
For Example 549, The full renyi 0.5 token for desp method is: [1.9273, 3.0409, 2.9048, 4.7589, 1.8629, 1.0170, 2.9005, 3.6703, 4.8279, 0.8193, 4.1206, 4.3026, 5.3400, 4.9117, 1.3061, 3.8835, 5.6438, 4.2954, 5.4150, 0.7965, 2.2332, 0.6207, 0.7785, 3.4589, 5.4330, 3.7738, 3.4659, 5.3851, 3.5906, 5.3484, 4.4513]
For Example 550, The full renyi 0.5 token for desp method is: [2.1058, 3.3639, 2.5460, 5.4840, 3.9045, 0.5831, 3.8676, 4.4326, 5.6865, 5.1272, 1.7086, 3.9363, 4.2373, 3.2499, 3.6984, 5.3693, 4.2695, 4.2341, 3.1271, 4.5905, 1.3551, 3.7547, 5.3047, 0.6890, 4.1849, 0.7404, 2.8330, 1.8501, 0.7475, 2.7481, 2.4504]
For Example 552, The full renyi 0.5 token for desp method is: [2.1067, 3.1474, 1.5533, 4.5360, 3.8938, 3.9100, 3.2723, 4.1734, 5.2133, 0.9961, 5.5671, 1.4702, 2.1905, 0.6501, 4.3366, 4.5612, 0.6173, 1.0647, 0.8096, 4.5806, 1.8272, 3.5340, 2.1101, 3.1447, 2.5974, 3.5789, 1.1217, 4.1689, 4.0898, 0.6878, 4.3281]
For Example 558, The full renyi 0.5 token for desp method is: [2.2236, 2.9210, 2.1847, 5.5120, 4.9660, 5.7147, 4.8730, 3.7457, 0.6019, 1.1360, 4.8618, 3.8982, 5.0366, 6.0684, 5.0815, 2.4983, 5.0150, 0.6895, 3.4131, 4.0935, 4.7837, 4.2052, 4.9182, 6.3198, 4.8096, 2.6511, 4.1600, 4.4962, 4.9626, 3.0798, 2.2326]
For Example 559, The full renyi 0.5 token for desp method is: [2.0047, 3.4528, 3.0907, 5.3284, 2.0340, 1.1714, 3.1966, 4.6218, 5.4575, 1.4917, 2.6112, 5.5057, 5.6426, 5.2119, 5.1639, 5.6306, 0.7474, 2.6994, 0.7896, 0.8443, 3.6980, 5.2070, 5.3888, 6.2880, 5.6077, 3.8552, 3.5176, 5.2638, 4.6978, 5.6556, 0.9228]
For Example 562, The full renyi 0.5 token for desp method is: [2.4348, 3.0882, 2.0467, 5.8174, 1.3503, 5.6319, 0.8739, 5.1700, 5.4349, 6.3060, 4.9467, 4.8246, 5.6021, 3.7966, 4.0998, 5.4257, 3.3538, 4.3373, 4.0037, 3.2639, 4.3139, 1.0616, 4.0332, 5.5941, 3.1710, 2.5709, 2.0159, 0.9068, 3.3816, 2.1588, 4.8701]
For Example 568, The full renyi 0.5 token for desp method is: [1.7656, 2.8620, 1.5495, 5.0668, 4.8200, 4.3174, 1.0777, 5.1895, 4.8143, 5.5610, 5.5618, 5.4892, 0.8961, 4.7120, 5.4288, 0.5748, 3.2983, 2.8133, 4.2856, 2.9694, 4.4354, 2.1160, 3.6405, 3.2762, 4.8482, 1.1117, 3.8453, 5.6129, 1.0309, 4.9170, 5.5813]
For Example 571, The full renyi 0.5 token for desp method is: [1.6493, 3.0606, 0.5960, 0.5900, 2.3129, 4.4107, 0.9946, 4.1829, 3.9151, 3.5289, 0.5797, 4.1479, 0.7618, 3.4658, 4.0538, 3.4801, 2.6913, 5.2941, 2.8950, 3.3554, 1.1008, 3.6837, 0.7367, 2.8088, 3.4959, 4.4531, 3.6118, 3.4947, 2.6895, 4.2150, 3.3477]
For Example 573, The full renyi 0.5 token for desp method is: [1.6887, 2.9614, 2.7953, 4.9528, 4.8608, 3.7405, 4.2880, 5.2082, 0.7713, 4.1615, 3.6496, 4.6845, 0.7301, 3.8821, 4.4161, 5.4567, 2.9278, 1.9560, 4.0547, 1.2056, 4.5626, 5.5220, 5.1175, 4.9634, 3.9564, 4.3168, 0.6309, 3.3774, 5.2440, 4.3019, 5.8812]
For Example 574, The full renyi 0.5 token for desp method is: [1.7193, 2.9046, 0.5787, 1.8723, 4.5197, 1.2618, 4.4161, 0.7556, 4.1423, 0.6573, 3.8094, 1.8661, 4.6758, 4.2601, 5.4759, 4.8576, 5.5279, 0.7881, 3.1353, 1.6802, 2.4274, 3.2604, 2.0109, 1.8641, 4.2422, 3.0698, 2.4542, 2.2361, 1.6312, 3.3841, 3.8578]
For Example 575, The full renyi 0.5 token for desp method is: [1.8995, 2.8547, 2.7018, 5.4069, 4.4477, 3.6071, 5.5530, 0.8590, 5.5747, 1.1575, 0.8074, 4.4442, 1.0348, 3.6221, 5.8199, 4.4702, 4.7046, 5.2088, 6.3902, 6.3919, 5.7752, 1.6483, 5.1077, 5.6935, 6.6788, 6.6158, 5.9941, 4.3465, 3.9402, 4.7856, 5.2394]
For Example 580, The full renyi 0.5 token for desp method is: [1.9760, 3.1817, 2.5226, 5.0782, 1.9556, 1.0902, 2.8692, 3.6536, 5.1367, 4.1929, 4.7653, 5.8609, 6.3796, 4.9987, 4.2145, 5.7892, 0.9984, 5.6146, 5.6957, 2.9089, 2.1202, 2.9895, 4.9755, 4.4417, 4.3636, 2.3901, 6.2933, 6.4778, 1.6235, 1.2278, 0.7001]
For Example 581, The full renyi 0.5 token for desp method is: [1.7294, 2.6999, 1.3167, 5.4858, 5.3353, 5.5625, 3.1703, 6.1584, 1.7304, 4.3577, 3.2143, 2.6605, 4.0164, 4.3077, 2.8226, 4.1090, 0.6851, 3.7757, 5.7598, 0.6886, 4.4128, 2.3676, 3.0947, 1.6788, 1.0957, 3.2173, 2.2986, 5.0434, 3.8720, 5.2432, 5.3803]
For Example 583, The full renyi 0.5 token for desp method is: [2.0832, 3.1988, 0.6114, 1.5981, 4.4060, 1.2295, 3.8169, 0.7420, 3.1468, 0.6128, 2.6335, 3.7320, 3.2972, 2.7734, 3.7204, 0.6409, 0.7718, 3.0631, 2.5498, 3.7147, 1.0000, 3.5172, 5.5149, 3.2906, 3.9399, 1.2972, 3.3402, 5.0544, 3.0530, 5.5402, 4.4545]
For Example 584, The full renyi 0.5 token for desp method is: [1.6714, 2.9473, 2.4563, 5.6921, 4.4501, 3.6228, 3.4797, 5.4737, 0.8460, 5.1431, 4.7976, 3.3215, 2.3131, 1.9262, 3.6926, 1.4258, 1.9120, 5.7491, 5.9336, 4.2845, 4.7742, 5.9767, 6.1133, 1.5481, 2.9528, 3.6651, 3.9799, 5.7670, 6.2469, 0.8143, 4.9253]
For Example 587, The full renyi 0.5 token for desp method is: [2.5126, 3.3426, 2.3489, 5.3513, 1.0060, 4.2265, 1.5994, 3.6969, 5.5036, 3.6220, 2.0821, 2.9550, 4.2853, 3.6492, 5.8982, 0.8237, 5.4851, 1.1132, 0.9238, 4.4160, 2.5342, 2.9794, 3.1299, 4.8011, 3.4712, 0.5615, 2.3366, 3.4273, 5.6815, 4.0954, 5.0047]
For Example 594, The full renyi 0.5 token for desp method is: [2.1676, 3.2134, 1.5746, 4.7289, 3.4090, 3.5294, 1.8147, 4.7286, 0.7055, 1.1142, 4.3845, 5.4592, 0.9467, 4.7446, 5.1674, 3.5427, 3.4421, 3.9745, 3.8188, 3.0744, 5.2894, 2.2743, 4.5735, 1.3629, 3.3998, 4.3096, 5.0629, 4.3871, 1.5943, 4.9581, 0.6697]
For Example 599, The full renyi 0.5 token for desp method is: [2.2423, 3.0263, 1.9851, 5.1835, 5.2708, 5.9001, 1.9472, 5.2778, 3.7351, 5.1928, 5.8277, 0.7131, 4.4210, 5.3463, 5.5182, 0.7555, 4.1915, 5.0951, 4.0033, 4.8496, 0.6637, 3.4400, 4.2137, 5.8341, 3.8060, 3.8745, 4.9540, 4.2681, 5.5086, 0.9155, 4.4126]
