For Example 0, Average KL-DV of Tokens Across Perturbations for desp method is: [0.0019, 0.0065, 0.0041, 0.2611, 0.0816, 0.0347, 0.1065, 0.4139, 0.0786, 0.1115, 0.0220, 0.0114, 0.0121, 0.0074, 0.0676, 0.0173, 0.0090, 0.0047, 0.0189, 0.0079, 0.0097, 0.0086, 0.0100, 0.0085, 0.0003, 0.0731, 0.0000, 0.0073, 0.0449, 0.0152, 0.0216, 0.0681]
For Example 1, Average KL-DV of Tokens Across Perturbations for desp method is: [0.0020, 0.0148, 0.0058, 0.4310, 0.0001, 0.0096, 0.0702, 0.0751, 1.0160, 0.0001, 0.3822, 0.0521, 0.0414, 0.2136, 1.9174, 0.5567, 0.0156, 0.1067, 0.1181, 0.1513, 0.0000, 0.0070, 0.0150, 0.0235, 0.0307, 0.0380, 0.5569, 0.0000, 0.0020, 0.0197, 0.0301, 0.0053]
For Example 2, Average KL-DV of Tokens Across Perturbations for desp method is: [0.0027, 0.0191, 0.2672, 0.2343, 0.0823, 0.4222, 0.2712, 0.0602, 0.3889, 0.4113, 1.0686, 0.0344, 0.1480, 0.0214, 0.0174, 0.0464, 0.0118, 0.0760, 0.0001, 0.0089, 0.0311, 0.0131, 0.0032, 0.2235, 0.0308, 0.0107, 0.0000, 0.0022, 0.0095, 0.0016, 0.0262, 0.0000]
For Example 3, Average KL-DV of Tokens Across Perturbations for desp method is: [0.0011, 0.0266, 0.0000, 0.0000, 0.0945, 0.0743, 0.0001, 0.2034, 0.0435, 0.0481, 0.0161, 0.2407, 0.0397, 0.0403, 0.0001, 0.0108, 0.0355, 0.0075, 0.0229, 0.0020, 0.0899, 0.0010, 0.3311, 0.0000, 0.3968, 0.0010, 0.0026, 0.0004, 0.0122, 0.0006, 0.0126, 0.0541]
For Example 4, Average KL-DV of Tokens Across Perturbations for desp method is: [0.0017, 0.0069, 0.0000, 0.0004, 0.0206, 0.0221, 0.0026, 0.0119, 0.0309, 0.0222, 0.0192, 0.0070, 0.0356, 0.0146, 0.0204, 0.0150, 0.0483, 0.2573, 0.0336, 0.0411, 0.0043, 0.0000, 0.0263, 0.0060, 0.0768, 0.0117, 0.1215, 0.0000, 0.9638, 0.0168, 0.0116, 0.0004]
For Example 5, Average KL-DV of Tokens Across Perturbations for desp method is: [0.0014, 0.0155, 0.0028, 0.4733, 0.0006, 0.0000, 0.0044, 0.0001, 0.0333, 0.2797, 0.0002, 0.1542, 0.0001, 0.0231, 0.0110, 0.2945, 0.0000, 0.0164, 0.0001, 0.4596, 0.5097, 0.0018, 0.5712, 0.0096, 0.0000, 0.0047, 0.4530, 0.0081, 0.0051, 0.0497, 0.0641, 0.0000]
For Example 6, Average KL-DV of Tokens Across Perturbations for desp method is: [0.0019, 0.0528, 0.0015, 0.1314, 0.0024, 0.0136, 0.1532, 0.0340, 0.0437, 0.2298, 0.0000, 0.1037, 0.0389, 0.0049, 0.0240, 0.0075, 0.0521, 0.0585, 0.0762, 0.1705, 0.1086, 0.0093, 0.0152, 0.0310, 0.0024, 0.0458, 0.0188, 0.0516, 0.0000, 0.0139, 0.0017, 0.0592]
For Example 7, Average KL-DV of Tokens Across Perturbations for desp method is: [0.0011, 0.0022, 0.0967, 0.1747, 0.0197, 0.0001, 0.0036, 0.0048, 0.0287, 0.0015, 0.0183, 0.0635, 0.0000, 0.2248, 0.0684, 0.4701, 0.0002, 0.0035, 0.1040, 0.0039, 0.0054, 0.0406, 0.0000, 0.0079, 0.0021, 0.0086, 0.0005, 0.0002, 0.0024, 0.0026, 0.0121, 0.0183]
For Example 8, Average KL-DV of Tokens Across Perturbations for desp method is: [0.0021, 0.0429, 0.0138, 0.0417, 0.0636, 0.0541, 0.0847, 0.2249, 0.0232, 0.1584, 0.0000, 0.3023, 0.0572, 0.0184, 0.5069, 0.0098, 0.0052, 0.0073, 0.1290, 0.0000, 0.0470, 0.2389, 0.0270, 0.0048, 0.0021, 0.0670, 0.2413, 0.0000, 0.0780, 0.0303, 0.1399, 0.0000]
For Example 9, Average KL-DV of Tokens Across Perturbations for desp method is: [0.0036, 0.0195, 0.0048, 0.4180, 0.0994, 0.0164, 0.0240, 0.4676, 0.0836, 0.8288, 0.0396, 0.0681, 0.0000, 0.0293, 0.0026, 0.0244, 0.0030, 0.0341, 0.0428, 0.0323, 0.0896, 0.0000, 0.0245, 0.0045, 0.0165, 0.0005, 0.0006, 0.0000, 0.0053, 0.0138, 0.0061, 0.0000]
For Example 10, Average KL-DV of Tokens Across Perturbations for desp method is: [0.0007, 0.0073, 0.0005, 0.0369, 0.0450, 0.0000, 0.0000, 0.0302, 0.0001, 0.0057, 0.0449, 0.4972, 0.0709, 0.0157, 0.9226, 0.0157, 0.5461, 0.1470, 0.0337, 0.0045, 0.0522, 0.0000, 0.0000, 0.0060, 0.0291, 0.0000, 0.0098, 0.0013, 0.0175, 0.0004, 0.0002, 0.0156]
For Example 11, Average KL-DV of Tokens Across Perturbations for desp method is: [0.0124, 0.0182, 0.0073, 0.1716, 0.0000, 0.1388, 0.0126, 0.0664, 0.1810, 0.0634, 0.0000, 0.0242, 0.0668, 0.1026, 0.4149, 0.2533, 0.0588, 0.0234, 0.0012, 0.0036, 0.0013, 0.0989, 0.0866, 0.0973, 0.0537, 0.0176, 0.0235, 0.0923, 0.0018, 0.0047, 0.0096, 0.0099]
For Example 12, Average KL-DV of Tokens Across Perturbations for desp method is: [0.0032, 0.0271, 0.0124, 0.4287, 0.3366, 0.0000, 0.0875, 0.1202, 0.0114, 0.3154, 0.0018, 0.0818, 0.0267, 0.0983, 0.0002, 0.2234, 0.2585, 0.1553, 0.0204, 0.1120, 0.0150, 0.0000, 0.0773, 0.1863, 0.0000, 0.0628, 0.0128, 0.0331, 0.0015, 0.0253, 0.0561, 0.0023]
For Example 13, Average KL-DV of Tokens Across Perturbations for desp method is: [0.0043, 0.0543, 0.0098, 0.3241, 0.0465, 0.0985, 0.0478, 0.0001, 0.0425, 0.0274, 0.0607, 0.0010, 0.0285, 0.0000, 0.0197, 0.0449, 0.0000, 0.0123, 0.0008, 0.0740, 0.0388, 0.0102, 0.0236, 0.0001, 0.0011, 0.1331, 0.0615, 0.0079, 0.0001, 0.0259, 0.0392, 0.0032]
For Example 14, Average KL-DV of Tokens Across Perturbations for desp method is: [0.0201, 0.0437, 0.0000, 0.0000, 0.0047, 0.1350, 0.0000, 0.0000, 0.0201, 0.0162, 0.0177, 0.0018, 0.0138, 0.1467, 0.2520, 0.3552, 0.0001, 0.0943, 0.2020, 0.1054, 0.0027, 0.0634, 0.0043, 0.0497, 0.1543, 0.0115, 0.0515, 0.0000, 0.0397, 0.0333, 0.0136, 0.0123]
For Example 15, Average KL-DV of Tokens Across Perturbations for desp method is: [0.0026, 0.0696, 0.0075, 0.4049, 0.0873, 0.1720, 1.1560, 0.0771, 0.0004, 0.0809, 0.0000, 0.0822, 0.0168, 0.2422, 0.0002, 0.0009, 0.0297, 0.0913, 0.0103, 0.0568, 0.2388, 0.0146, 0.0504, 0.0000, 0.0001, 0.0573, 0.3007, 0.0122, 0.0906, 0.0020, 0.0000, 0.0044]
For Example 16, Average KL-DV of Tokens Across Perturbations for desp method is: [0.0142, 0.0055, 0.0064, 1.4126, 0.2787, 0.0002, 0.0000, 0.0466, 0.0564, 1.2144, 1.4099, 0.2124, 0.0729, 0.8605, 0.0042, 0.5165, 0.0096, 0.0099, 0.7829, 0.0515, 0.2389, 0.1276, 0.0072, 0.0995, 0.0005, 0.0000, 0.1669, 0.0652, 0.2516, 0.0021, 0.0330, 0.0964]
For Example 17, Average KL-DV of Tokens Across Perturbations for desp method is: [0.0060, 0.0297, 0.0806, 0.3859, 0.1129, 0.2602, 0.2374, 0.0171, 0.6955, 0.5189, 0.2153, 0.2749, 0.6157, 0.5335, 0.1091, 0.0528, 0.0057, 0.0180, 0.0556, 0.0388, 0.0068, 0.0357, 0.0695, 0.1242, 0.0000, 0.0272, 0.0005, 0.0461, 0.0081, 0.0378, 0.1258, 0.2083]
For Example 18, Average KL-DV of Tokens Across Perturbations for desp method is: [0.0095, 0.0373, 0.0035, 0.0645, 0.0003, 0.0000, 0.0175, 0.0092, 0.0841, 0.0378, 0.0172, 0.0448, 0.1510, 0.0178, 0.0063, 0.0606, 0.0318, 0.1857, 0.0145, 0.0042, 0.0044, 0.0129, 0.0144, 0.0477, 0.0000, 0.0855, 0.1527, 0.0388, 0.0034, 0.0312, 0.0355, 0.0000]
For Example 19, Average KL-DV of Tokens Across Perturbations for desp method is: [0.0034, 0.0215, 0.0116, 0.4145, 0.1839, 0.1392, 0.0482, 0.4022, 0.0932, 0.0017, 0.0382, 0.2798, 0.0459, 0.2835, 1.1398, 0.8965, 0.0002, 0.1903, 0.1140, 0.1775, 0.0012, 0.0000, 0.0538, 0.2361, 0.0008, 0.5908, 0.2207, 0.0579, 0.1019, 0.5484, 0.0166, 0.0281]
For Example 20, Average KL-DV of Tokens Across Perturbations for desp method is: [0.0019, 0.0077, 0.0094, 0.1409, 0.1154, 0.0956, 0.0104, 0.0011, 0.0000, 0.0000, 0.0279, 0.0009, 0.1122, 0.0116, 0.0134, 0.0266, 0.0052, 0.0019, 0.0000, 0.0114, 0.0049, 0.0056, 0.0137, 0.0016, 0.0329, 0.0000, 0.0450, 0.0029, 0.0056, 0.0006, 0.0020, 0.0004]
For Example 21, Average KL-DV of Tokens Across Perturbations for desp method is: [0.0039, 0.0117, 0.0089, 0.0041, 0.1894, 0.0979, 0.0012, 0.1205, 0.0380, 0.0372, 0.1527, 0.0991, 0.3660, 0.0008, 0.1649, 0.0980, 0.0045, 0.0310, 0.0081, 0.0075, 0.1584, 0.0081, 0.3150, 0.0031, 0.0010, 0.0301, 0.0081, 0.0407, 0.0000, 0.0011, 0.0011, 0.0000]
For Example 22, Average KL-DV of Tokens Across Perturbations for desp method is: [0.0012, 0.0039, 0.0783, 0.1104, 0.0001, 0.0000, 0.0033, 0.1140, 0.1277, 0.3507, 0.0198, 0.1410, 0.1332, 0.0722, 0.0220, 0.0544, 0.0000, 0.0833, 0.0073, 0.0055, 0.0195, 0.0214, 0.0134, 0.0610, 0.0000, 0.0128, 0.0043, 0.0128, 0.0015, 0.0043, 0.0070, 0.0015]
For Example 23, Average KL-DV of Tokens Across Perturbations for desp method is: [0.0097, 0.0297, 0.0089, 1.2293, 0.3771, 0.1127, 0.1288, 0.6155, 0.0797, 0.1026, 0.0208, 0.0199, 0.0423, 0.0991, 0.0000, 0.0053, 0.0181, 0.3430, 0.1046, 0.0085, 0.0063, 0.0083, 0.0725, 0.0224, 0.0850, 0.0213, 0.0757, 0.0267, 0.0303, 0.0941, 0.0140, 0.0071]
For Example 24, Average KL-DV of Tokens Across Perturbations for desp method is: [0.0065, 0.0652, 0.0152, 0.5544, 0.2375, 0.2514, 0.5918, 0.8458, 0.5508, 0.0040, 0.1333, 0.0375, 0.0014, 0.0195, 0.0166, 0.0260, 0.0941, 0.0000, 0.0000, 0.0323, 0.2108, 0.0223, 0.0147, 0.1194, 0.0025, 0.0049, 0.0043, 0.0100, 0.0551, 0.0295, 0.0164, 0.0233]
For Example 25, Average KL-DV of Tokens Across Perturbations for desp method is: [0.0035, 0.0067, 0.0049, 0.3136, 0.2697, 0.0026, 0.0975, 0.5772, 0.0828, 0.0639, 0.2512, 0.0079, 0.0529, 0.0184, 0.0195, 0.0587, 0.2718, 0.0282, 0.0261, 0.0074, 0.0118, 0.0489, 0.1346, 0.0144, 0.0716, 0.0000, 0.0266, 0.0153, 0.0089, 0.0016, 0.0338, 0.0000]
For Example 26, Average KL-DV of Tokens Across Perturbations for desp method is: [0.0058, 0.0133, 0.0000, 0.0000, 0.0011, 0.0524, 0.0052, 0.0015, 0.0109, 0.0107, 0.0199, 0.0065, 0.0099, 0.0003, 0.0199, 0.0000, 0.0126, 0.0213, 0.0105, 0.0043, 0.0000, 0.0000, 0.0179, 0.0004, 0.0002, 0.0005, 0.0014, 0.0333, 0.0021, 0.0096, 0.0043, 0.0139]
For Example 27, Average KL-DV of Tokens Across Perturbations for desp method is: [0.0048, 0.0359, 0.0040, 0.2171, 0.4301, 0.2085, 0.0188, 0.4157, 0.0000, 0.1704, 0.0702, 0.0824, 0.2823, 0.0878, 0.0048, 0.1959, 0.4563, 0.0002, 0.0753, 0.1450, 0.1002, 0.8338, 0.0247, 0.0174, 0.1872, 0.4816, 0.0209, 0.1010, 0.0112, 0.1771, 0.0509, 0.0046]
For Example 28, Average KL-DV of Tokens Across Perturbations for desp method is: [0.0066, 0.0510, 0.0130, 0.7282, 0.1885, 0.0325, 0.0000, 0.0105, 0.0152, 0.0039, 0.0164, 0.0458, 0.0001, 0.1168, 0.1710, 0.1301, 0.0234, 0.0227, 0.0107, 0.0070, 0.0194, 0.0000, 0.0074, 0.0025, 0.0031, 0.0005, 0.0016, 0.0030, 0.0018, 0.0079, 0.0324, 0.0445]
For Example 29, Average KL-DV of Tokens Across Perturbations for desp method is: [0.0008, 0.0084, 0.0041, 0.4595, 0.4751, 0.2495, 0.5973, 0.0108, 0.0022, 0.0026, 0.5469, 0.4642, 0.0014, 0.0669, 0.3692, 0.0129, 0.0122, 0.0074, 0.0084, 0.0279, 0.1038, 0.0025, 0.0592, 0.0530, 0.0032, 0.0537, 0.0125, 0.0406, 0.0000, 0.0118, 0.0107, 0.0057]
For Example 30, Average KL-DV of Tokens Across Perturbations for desp method is: [0.0053, 0.0183, 0.0000, 0.0000, 0.0028, 0.1024, 0.0153, 0.0000, 0.0689, 0.0506, 0.0612, 0.0165, 0.1745, 0.0147, 0.0656, 0.0397, 0.0280, 0.0011, 0.0315, 0.0000, 0.3436, 0.1264, 0.0001, 0.0136, 0.0309, 0.0125, 0.0023, 0.0005, 0.1595, 0.0466, 0.0181, 0.0012]
For Example 31, Average KL-DV of Tokens Across Perturbations for desp method is: [0.0042, 0.0212, 0.0076, 0.3044, 0.3048, 0.0000, 0.1586, 0.0057, 0.0036, 0.0945, 0.0744, 0.3904, 0.0000, 0.0618, 0.1627, 0.3788, 0.0003, 0.1293, 0.0014, 0.0248, 0.0357, 0.0375, 0.0000, 0.0116, 0.0720, 0.0000, 0.0086, 0.0006, 0.0098, 0.0007, 0.0000, 0.0048]
For Example 32, Average KL-DV of Tokens Across Perturbations for desp method is: [0.0057, 0.0130, 0.0049, 0.0673, 0.0039, 0.0007, 0.0000, 0.0479, 0.1013, 0.0079, 0.0345, 0.0876, 0.0111, 0.0483, 0.0596, 0.0643, 0.0115, 0.0320, 0.0126, 0.0140, 0.0037, 0.0129, 0.0533, 0.0023, 0.0080, 0.0037, 0.0268, 0.0329, 0.0202, 0.0036, 0.0114, 0.0264]
For Example 33, Average KL-DV of Tokens Across Perturbations for desp method is: [0.0012, 0.0127, 0.0067, 0.0803, 0.1271, 0.0000, 0.0800, 0.0374, 0.0102, 0.0440, 0.0335, 0.1781, 0.0000, 0.0256, 0.2005, 0.0000, 0.0847, 0.0097, 0.0659, 0.0079, 0.0438, 0.4677, 0.0214, 0.0054, 0.0371, 0.0008, 0.0040, 0.0007, 0.0013, 0.0000, 0.0023, 0.0000]
For Example 34, Average KL-DV of Tokens Across Perturbations for desp method is: [0.0046, 0.0147, 0.0076, 0.0897, 0.0125, 0.1095, 0.0000, 0.1239, 1.9090, 0.3302, 0.5613, 0.1763, 0.0002, 0.0533, 0.1971, 0.0413, 0.0048, 0.0568, 0.0220, 0.1275, 0.0069, 0.4541, 0.0000, 0.0000, 0.0000, 0.0081, 0.0322, 0.0053, 0.0056, 0.0001, 0.0512, 0.0702]
For Example 35, Average KL-DV of Tokens Across Perturbations for desp method is: [0.0056, 0.0354, 0.0858, 0.4979, 0.0153, 0.0806, 0.6367, 0.3977, 0.3600, 0.0000, 0.0000, 0.1536, 0.1054, 0.4616, 0.0002, 0.2099, 0.0000, 0.0316, 0.0723, 0.0340, 0.0000, 0.0000, 0.0534, 0.2405, 0.0191, 0.0111, 0.0296, 0.0018, 0.0002, 0.0437, 0.0092, 0.0398]
For Example 36, Average KL-DV of Tokens Across Perturbations for desp method is: [0.0059, 0.1445, 0.0210, 0.3377, 0.2098, 0.0037, 0.1383, 0.0183, 0.0837, 0.1853, 0.0560, 0.1147, 0.2066, 0.5182, 0.0000, 0.0083, 0.0216, 0.0031, 0.0936, 0.0000, 0.0014, 0.0598, 0.2807, 0.0000, 0.3669, 0.2058, 0.0985, 0.0880, 0.1304, 0.2046, 0.0180, 0.0001]
For Example 37, Average KL-DV of Tokens Across Perturbations for desp method is: [0.0008, 0.0157, 0.0000, 0.0000, 0.0527, 0.1549, 0.0002, 0.3692, 0.1065, 0.5518, 0.2115, 0.3548, 0.3449, 0.0000, 0.0007, 0.1063, 0.3356, 0.0002, 0.0541, 0.1224, 0.0204, 0.1180, 0.0049, 0.3183, 0.0088, 0.2147, 0.0001, 0.2460, 0.0058, 0.0170, 0.0056, 0.0005]
For Example 38, Average KL-DV of Tokens Across Perturbations for desp method is: [0.0013, 0.0163, 0.0000, 0.0000, 0.0146, 0.1306, 0.1461, 0.0000, 0.0177, 0.0415, 0.0784, 0.0154, 0.0669, 0.0166, 0.2326, 0.1955, 0.0748, 0.0000, 0.0472, 0.5417, 0.0000, 0.0355, 0.0000, 0.0319, 0.0420, 0.0081, 0.0790, 0.0122, 0.0117, 0.0527, 0.0035, 0.0238]
For Example 39, Average KL-DV of Tokens Across Perturbations for desp method is: [0.0024, 0.0036, 0.1054, 0.2133, 0.1347, 0.0562, 0.0222, 0.0115, 0.1367, 0.0165, 0.0118, 0.0029, 0.0186, 0.0000, 0.0080, 0.0015, 0.0451, 0.0052, 0.0019, 0.0251, 0.0000, 0.0072, 0.0000, 0.0015, 0.0098, 0.0027, 0.0114, 0.0249, 0.0094, 0.0065, 0.0041, 0.0085]
For Example 40, Average KL-DV of Tokens Across Perturbations for desp method is: [0.0030, 0.0268, 0.0050, 0.1365, 0.5919, 0.0000, 0.0153, 0.0225, 0.0373, 0.2888, 0.0602, 0.0001, 0.0333, 0.0003, 0.0047, 0.0020, 0.0841, 0.0372, 0.0336, 0.0780, 0.1041, 0.0837, 0.1351, 0.0000, 0.0000, 0.0136, 0.0097, 0.0637, 0.2481, 0.3042, 0.0147, 0.0013]
For Example 41, Average KL-DV of Tokens Across Perturbations for desp method is: [0.0039, 0.0107, 0.0190, 0.8079, 1.5717, 0.3334, 0.0931, 0.1196, 0.0129, 0.3280, 0.0024, 0.0302, 0.0106, 0.0042, 0.0157, 0.0056, 0.0309, 0.0204, 0.1210, 0.0112, 0.3364, 0.0194, 0.0462, 0.0802, 0.3242, 0.0119, 0.0019, 0.0040, 0.0008, 0.0128, 0.1103, 0.0332]
For Example 42, Average KL-DV of Tokens Across Perturbations for desp method is: [0.0029, 0.0078, 0.0107, 0.4906, 0.4415, 0.0226, 0.0850, 0.1029, 0.0512, 1.0910, 0.3236, 0.5936, 0.7240, 0.0702, 0.0011, 0.0148, 0.0245, 0.0324, 0.2431, 0.1509, 0.1712, 0.0000, 0.0001, 0.0928, 0.6066, 0.0675, 0.0549, 0.0023, 0.1372, 0.0000, 0.0000, 0.1311]
For Example 43, Average KL-DV of Tokens Across Perturbations for desp method is: [0.0030, 0.0483, 0.2056, 0.5302, 0.7335, 0.0014, 0.2034, 0.0666, 0.5949, 0.0015, 0.6496, 0.5065, 0.1311, 0.2421, 0.0501, 0.0156, 0.0017, 0.0134, 0.0318, 0.0319, 0.0002, 0.0405, 0.1754, 0.0702, 0.0906, 0.0146, 0.0441, 0.0572, 0.3360, 0.1902, 0.0192, 0.0574]
For Example 44, Average KL-DV of Tokens Across Perturbations for desp method is: [0.0154, 0.0509, 0.0111, 1.2063, 0.2240, 0.2698, 0.1776, 0.2707, 0.1177, 0.0426, 0.0085, 0.0430, 0.0151, 0.0167, 0.1882, 0.0000, 0.0259, 0.0271, 0.0432, 0.0000, 0.0000, 0.0110, 0.0128, 0.0022, 0.0124, 0.0094, 0.1570, 0.0000, 0.3953, 0.3653, 1.0784, 0.1514]
For Example 45, Average KL-DV of Tokens Across Perturbations for desp method is: [0.0010, 0.0119, 0.0000, 0.0000, 0.0012, 0.0550, 0.0270, 0.0122, 0.0238, 0.0246, 0.0707, 0.0915, 0.8504, 0.0237, 0.0243, 0.0250, 0.0042, 0.0693, 0.0137, 0.0183, 0.0035, 0.0170, 0.0561, 0.0000, 0.0089, 0.0025, 0.0081, 0.0008, 0.0034, 0.0152, 0.0015, 0.0253]
For Example 46, Average KL-DV of Tokens Across Perturbations for desp method is: [0.0047, 0.0169, 0.0000, 0.0081, 0.2046, 0.0711, 0.1208, 0.0598, 0.0027, 0.0444, 0.0477, 0.1289, 0.0001, 0.0677, 0.3902, 0.4136, 0.0000, 0.0134, 0.3998, 0.4969, 0.0004, 0.0093, 0.0124, 0.0052, 0.0030, 0.0003, 0.0762, 0.0357, 0.0033, 0.0220, 0.0350, 0.0000]
For Example 47, Average KL-DV of Tokens Across Perturbations for desp method is: [0.0036, 0.0251, 0.0171, 0.4569, 0.2243, 0.0215, 0.0831, 0.0286, 0.0185, 0.2865, 0.2759, 0.0080, 0.1010, 0.1216, 0.0743, 0.4598, 0.0408, 0.3862, 0.0913, 0.0673, 0.0111, 0.0477, 0.0153, 0.0376, 0.0001, 0.0918, 0.1169, 0.0000, 0.1068, 0.0652, 0.0085, 0.0178]
For Example 48, Average KL-DV of Tokens Across Perturbations for desp method is: [0.0125, 0.0746, 0.0093, 0.9918, 0.0474, 0.1137, 0.1922, 0.6378, 0.7692, 0.2793, 0.0533, 0.0079, 0.0174, 0.1720, 0.0028, 0.5241, 0.1566, 0.0149, 0.0107, 0.1386, 0.0550, 0.0302, 0.1913, 0.0001, 0.0092, 0.0071, 0.0403, 0.0047, 0.0254, 0.0030, 0.1336, 0.0565]
For Example 49, Average KL-DV of Tokens Across Perturbations for desp method is: [0.0009, 0.0396, 0.0104, 0.2057, 0.0661, 0.2352, 0.1459, 0.1606, 0.4202, 0.0227, 0.0316, 0.0824, 0.0000, 0.0667, 0.0858, 0.0723, 0.0013, 0.6613, 0.1228, 0.3134, 0.0152, 0.0217, 0.0881, 0.0196, 0.1133, 0.0185, 0.0215, 0.1072, 0.0131, 0.0382, 0.0000, 0.0594]
For Example 50, Average KL-DV of Tokens Across Perturbations for desp method is: [0.0103, 0.0166, 0.0077, 1.6822, 0.0008, 0.1226, 0.0000, 0.2360, 0.2149, 1.7406, 0.6729, 0.0941, 0.0341, 0.0177, 0.0091, 0.0090, 0.1817, 0.1311, 0.0000, 0.1039, 0.3355, 0.2077, 0.0041, 0.0000, 0.0126, 0.0000, 0.0064, 0.0273, 0.2531, 0.0000, 0.0508, 0.1365]
